0.0000000000000000E+00
4.4627932698421718E-01
8.6308021407439306E-01
1.3216513637369172E+00
1.8121236878104479E+00
2.3319448710686257E+00
2.8747331575248989E+00
3.4333458665655945E+00
4.0000000000000453E+00
4.5666541334344961E+00
5.1252668424751837E+00
5.6680551289314431E+00
6.1878763121896059E+00
6.6783486362631272E+00
7.1369197859256390E+00
7.5537206730157989E+00
8.0000000000000000E+00
0.0000000000000000E+00
3.3415567210394681E-01
7.7573718101204525E-01
1.2476535671344713E+00
1.7536498367926714E+00
2.2882318354054672E+00
2.8456572154961184E+00
3.4188186253486590E+00
4.0000000000000471E+00
4.5811813746514343E+00
5.1543427845039664E+00
5.7117681645946030E+00
6.2463501632073823E+00
6.7523464328655738E+00
7.2242628189879845E+00
7.6658443278960675E+00
8.0000000000000000E+00
0.0000000000000000E+00
3.0803899455124778E-01
7.2066883505015644E-01
1.1952259314180331E+00
1.7087925091717306E+00
2.2536484386087059E+00
2.8222613790183031E+00
3.4070405943667179E+00
4.0000000000000480E+00
4.5929594056333753E+00
5.1777386209817822E+00
5.7463515613913643E+00
6.2912074908283264E+00
6.8047740685820113E+00
7.2793311649498742E+00
7.6919610054487650E+00
8.0000000000000000E+00
0.0000000000000000E+00
3.0474005912332919E-01
7.0064363001763263E-01
1.1654928234940929E+00
1.6795010828598727E+00
2.2292475452615861E+00
2.8051135061586971E+00
3.3982443374534892E+00
4.0000000000000480E+00
4.6017556625466058E+00
5.1948864938413895E+00
5.7707524547384894E+00
6.3204989171401849E+00
6.8345071765059515E+00
7.2993563699823971E+00
7.6952599408766877E+00
8.0000000000000000E+00
0.0000000000000000E+00
3.0749341925635099E-01
6.9561090049554664E-01
1.1525264772432309E+00
1.6632597054433222E+00
2.2142248748308564E+00
2.7939534866197531E+00
3.3923676496635022E+00
4.0000000000000480E+00
4.6076323503365924E+00
5.2060465133803344E+00
5.7857751251692173E+00
6.3367402945567370E+00
6.8474735227568146E+00
7.3043890995044842E+00
7.6925065807436646E+00
8.0000000000000000E+00
0.0000000000000000E+00
3.1066401771764973E-01
6.9563393401262597E-01
1.1479641360484985E+00
1.6558634752785095E+00
2.2065117636898037E+00
2.7878889133076012E+00
3.3890855611898050E+00
4.0000000000000471E+00
4.6109144388102861E+00
5.2121110866924827E+00
5.7934882363102691E+00
6.3441365247215513E+00
6.8520358639515484E+00
7.3043660659874039E+00
7.6893359822823673E+00
8.0000000000000000E+00
0.0000000000000000E+00
3.1193217644942794E-01
6.9609132702470011E-01
1.1469625002326449E+00
1.6538111753564726E+00
2.2041959569638094E+00
2.7859939094818942E+00
3.3880420425821209E+00
4.0000000000000462E+00
4.6119579574179701E+00
5.2140060905181898E+00
5.7958040430362656E+00
6.3461888246435896E+00
6.8530374997674031E+00
7.3039086729753313E+00
7.6880678235505879E+00
8.0000000000000000E+00
0.0000000000000000E+00
3.1066401771764968E-01
6.9563393401262563E-01
1.1479641360484980E+00
1.6558634752785093E+00
2.2065117636898037E+00
2.7878889133076004E+00
3.3890855611898050E+00
4.0000000000000462E+00
4.6109144388102861E+00
5.2121110866924862E+00
5.7934882363102744E+00
6.3441365247215531E+00
6.8520358639515520E+00
7.3043660659874048E+00
7.6893359822823655E+00
8.0000000000000000E+00
0.0000000000000000E+00
3.0749341925635104E-01
6.9561090049554608E-01
1.1525264772432300E+00
1.6632597054433209E+00
2.2142248748308546E+00
2.7939534866197522E+00
3.3923676496635000E+00
4.0000000000000471E+00
4.6076323503365924E+00
5.2060465133803353E+00
5.7857751251692235E+00
6.3367402945567397E+00
6.8474735227568200E+00
7.3043890995044842E+00
7.6925065807436637E+00
8.0000000000000000E+00
0.0000000000000000E+00
3.0474005912332913E-01
7.0064363001763241E-01
1.1654928234940911E+00
1.6795010828598702E+00
2.2292475452615825E+00
2.8051135061586945E+00
3.3982443374534874E+00
4.0000000000000462E+00
4.6017556625466050E+00
5.1948864938413930E+00
5.7707524547384939E+00
6.3204989171401920E+00
6.8345071765059586E+00
7.2993563699823989E+00
7.6952599408766842E+00
8.0000000000000000E+00
0.0000000000000000E+00
3.0803899455124761E-01
7.2066883505015555E-01
1.1952259314180311E+00
1.7087925091717275E+00
2.2536484386087019E+00
2.8222613790182991E+00
3.4070405943667148E+00
4.0000000000000453E+00
4.5929594056333753E+00
5.1777386209817884E+00
5.7463515613913749E+00
6.2912074908283344E+00
6.8047740685820139E+00
7.2793311649498751E+00
7.6919610054487650E+00
8.0000000000000000E+00
0.0000000000000000E+00
3.3415567210394648E-01
7.7573718101204370E-01
1.2476535671344686E+00
1.7536498367926674E+00
2.2882318354054618E+00
2.8456572154961131E+00
3.4188186253486545E+00
4.0000000000000444E+00
4.5811813746514352E+00
5.1543427845039718E+00
5.7117681645946154E+00
6.2463501632073939E+00
6.7523464328655756E+00
7.2242628189879836E+00
7.6658443278960684E+00
8.0000000000000000E+00
0.0000000000000000E+00
4.4627932698421646E-01
8.6308021407439139E-01
1.3216513637369138E+00
1.8121236878104445E+00
2.3319448710686217E+00
2.8747331575248944E+00
3.4333458665655909E+00
4.0000000000000435E+00
4.5666541334344979E+00
5.1252668424751899E+00
5.6680551289314547E+00
6.1878763121896183E+00
6.6783486362631290E+00
7.1369197859256390E+00
7.5537206730157997E+00
8.0000000000000000E+00
