0.0000000000000000E+00
5.6334316818152441E-01
9.5896884439771857E-01
1.2665577272162218E+00
1.5101179596395424E+00
1.6966310409694481E+00
1.8289226228558875E+00
1.9080500933713371E+00
1.9343958006800839E+00
1.9080500933713278E+00
1.8289226228558695E+00
1.6966310409694247E+00
1.5101179596395173E+00
1.2665577272161981E+00
9.5896884439769714E-01
5.6334316818151042E-01
0.0000000000000000E+00
0.0000000000000000E+00
2.9890955657380458E-01
6.0594480098218906E-01
8.6134882307026750E-01
1.0663401577081550E+00
1.2237206469726696E+00
1.3353043932820050E+00
1.4019932292286734E+00
1.4241858399262206E+00
1.4019932292286679E+00
1.3353043932819957E+00
1.2237206469726569E+00
1.0663401577081408E+00
8.6134882307025340E-01
6.0594480098217829E-01
2.9890955657379897E-01
0.0000000000000000E+00
0.0000000000000000E+00
1.9679611994740284E-01
3.9180155203328332E-01
5.7648365726934825E-01
7.3299946674146454E-01
8.5639359904312629E-01
9.4498427514534900E-01
9.9824705441419681E-01
1.0160139018445438E+00
9.9824705441419292E-01
9.4498427514534356E-01
8.5639359904311974E-01
7.3299946674145622E-01
5.7648365726934048E-01
3.9180155203327793E-01
1.9679611994739976E-01
0.0000000000000000E+00
0.0000000000000000E+00
1.2859132978722806E-01
2.5492165661654226E-01
3.7602427138106109E-01
4.8441028549905146E-01
5.7279701319962484E-01
6.3753790355683282E-01
6.7687551139266822E-01
6.9005729388345494E-01
6.7687551139266700E-01
6.3753790355683038E-01
5.7279701319962106E-01
4.8441028549904741E-01
3.7602427138105721E-01
2.5492165661653937E-01
1.2859132978722645E-01
0.0000000000000000E+00
0.0000000000000000E+00
7.8426606519915940E-02
1.5420586792124236E-01
2.2727649884401827E-01
2.9394556741250955E-01
3.4984170530931979E-01
3.9157114457948028E-01
4.1721499345288066E-01
4.2585171925990695E-01
4.1721499345287999E-01
3.9157114457947989E-01
3.4984170530931941E-01
2.9394556741250799E-01
2.2727649884401607E-01
1.5420586792124039E-01
7.8426606519914871E-02
0.0000000000000000E+00
0.0000000000000000E+00
3.7224040379359544E-02
7.2857352257403155E-02
1.0715062590547651E-01
1.3873930049580713E-01
1.6557529152793704E-01
1.8587248173839213E-01
1.9844841095003998E-01
2.0270036081905451E-01
1.9844841095003973E-01
1.8587248173839230E-01
1.6557529152793715E-01
1.3873930049580693E-01
1.0715062590547537E-01
7.2857352257401753E-02
3.7224040379359037E-02
0.0000000000000000E+00
0.0000000000000000E+00
1.4726577258615108E-16
3.4528798831513402E-16
5.3954570329075136E-16
7.9329399156988782E-16
9.7441983857822573E-16
1.2490806767290597E-15
1.6240330642970430E-15
1.8064935825417158E-15
1.7204600274896797E-15
1.8072151307351303E-15
1.1875741782672127E-15
1.0923107185239745E-15
4.9262868561329490E-16
-4.6364004745103291E-16
3.6246262506919917E-17
0.0000000000000000E+00
0.0000000000000000E+00
-3.7224040379359266E-02
-7.2857352257402544E-02
-1.0715062590547547E-01
-1.3873930049580574E-01
-1.6557529152793482E-01
-1.8587248173838905E-01
-1.9844841095003696E-01
-2.0270036081905116E-01
-1.9844841095003643E-01
-1.8587248173838858E-01
-1.6557529152793446E-01
-1.3873930049580524E-01
-1.0715062590547465E-01
-7.2857352257401975E-02
-3.7224040379358878E-02
0.0000000000000000E+00
0.0000000000000000E+00
-7.8426606519915606E-02
-1.5420586792124183E-01
-2.2727649884401724E-01
-2.9394556741250771E-01
-3.4984170530931713E-01
-3.9157114457947723E-01
-4.1721499345287755E-01
-4.2585171925990356E-01
-4.1721499345287721E-01
-3.9157114457947656E-01
-3.4984170530931608E-01
-2.9394556741250616E-01
-2.2727649884401577E-01
-1.5420586792124075E-01
-7.8426606519915162E-02
0.0000000000000000E+00
0.0000000000000000E+00
-1.2859132978722770E-01
-2.5492165661654143E-01
-3.7602427138105987E-01
-4.8441028549904952E-01
-5.7279701319962217E-01
-6.3753790355682982E-01
-6.7687551139266455E-01
-6.9005729388345116E-01
-6.7687551139266411E-01
-6.3753790355682760E-01
-5.7279701319961929E-01
-4.8441028549904647E-01
-3.7602427138105715E-01
-2.5492165661653965E-01
-1.2859132978722690E-01
0.0000000000000000E+00
0.0000000000000000E+00
-1.9679611994740234E-01
-3.9180155203328215E-01
-5.7648365726934647E-01
-7.3299946674146232E-01
-8.5639359904312351E-01
-9.4498427514534544E-01
-9.9824705441419348E-01
-1.0160139018445413E+00
-9.9824705441419126E-01
-9.4498427514534178E-01
-8.5639359904311818E-01
-7.3299946674145622E-01
-5.7648365726934081E-01
-3.9180155203327754E-01
-1.9679611994739943E-01
0.0000000000000000E+00
0.0000000000000000E+00
-2.9890955657380375E-01
-6.0594480098218728E-01
-8.6134882307026484E-01
-1.0663401577081519E+00
-1.2237206469726667E+00
-1.3353043932820030E+00
-1.4019932292286714E+00
-1.4241858399262197E+00
-1.4019932292286674E+00
-1.3353043932819944E+00
-1.2237206469726554E+00
-1.0663401577081399E+00
-8.6134882307025307E-01
-6.0594480098217740E-01
-2.9890955657379814E-01
0.0000000000000000E+00
0.0000000000000000E+00
-5.6334316818152275E-01
-9.5896884439771546E-01
-1.2665577272162190E+00
-1.5101179596395387E+00
-1.6966310409694443E+00
-1.8289226228558850E+00
-1.9080500933713360E+00
-1.9343958006800843E+00
-1.9080500933713300E+00
-1.8289226228558713E+00
-1.6966310409694245E+00
-1.5101179596395138E+00
-1.2665577272161934E+00
-9.5896884439769559E-01
-5.6334316818150953E-01
0.0000000000000000E+00
