0.0000000000000000E+00
2.4541361715673474E-01
4.4960327246430876E-01
6.6015896811232255E-01
8.7399625729426300E-01
1.0972988290277736E+00
1.3288237811925905E+00
1.5691819142780683E+00
1.8175001399744304E+00
2.0733199755673097E+00
2.3357559159180363E+00
2.6040376722918959E+00
2.8772218197307633E+00
3.1543987622956298E+00
3.4345797954604884E+00
3.7167843008652048E+00
4.0000000000001386E+00
4.2832156991350718E+00
4.5654202045397909E+00
4.8456012377046473E+00
5.1227781802695063E+00
5.3959623277083670E+00
5.6642440840822141E+00
5.9266800244329314E+00
6.1824998600257892E+00
6.4308180857221302E+00
6.6711762188075836E+00
6.9027011709723789E+00
7.1260037427058638E+00
7.3398410318877731E+00
7.5503967275357553E+00
7.7545863828433026E+00
8.0000000000000000E+00
0.0000000000000000E+00
1.8013702945095633E-01
3.9424441498329121E-01
6.0562191581188107E-01
8.2587525351082902E-01
1.0534809783939751E+00
1.2897599467692629E+00
1.5342920188080627E+00
1.7867738037400052E+00
2.0465518239081124E+00
2.3129177173500688E+00
2.5850469620279282E+00
2.8620640300144533E+00
3.1430408771047174E+00
3.4270159598285801E+00
3.7130031288530017E+00
4.0000000000001394E+00
4.2869968711472781E+00
4.5729840401717041E+00
4.8569591228955620E+00
5.1379359699858220E+00
5.4149530379723352E+00
5.6870822826501852E+00
5.9534481760921301E+00
6.2132261962602193E+00
6.4657079811921347E+00
6.7102400532309137E+00
6.9465190216061758E+00
7.1741247464892952E+00
7.3943780841882116E+00
7.6057555850167722E+00
7.8198629705490736E+00
8.0000000000000000E+00
0.0000000000000000E+00
1.5662949556856193E-01
3.4890477724705232E-01
5.6221950837374801E-01
7.8402167553759450E-01
1.0151219572588990E+00
1.2548518911751547E+00
1.5029457160539457E+00
1.7589677533279160E+00
2.0222606118953106E+00
2.2921272335415548E+00
2.5677368730804400E+00
2.8482270460373971E+00
3.1326673103524167E+00
3.4201028487253913E+00
3.7095469433817958E+00
4.0000000000001403E+00
4.2904530566184880E+00
4.5798971512748938E+00
4.8673326896478653E+00
5.1517729539628805E+00
5.4322631269198247E+00
5.7078727664586992E+00
5.9777393881049328E+00
6.2410322466723072E+00
6.4970542839462544E+00
6.7451481088250214E+00
6.9848780427412525E+00
7.2159783244625277E+00
7.4377804916263477E+00
7.6510952227530078E+00
7.8433705044314683E+00
8.0000000000000000E+00
0.0000000000000000E+00
1.4612321096586975E-01
3.2743125086172059E-01
5.3244202723168155E-01
7.5275267146896752E-01
9.8416769179267927E-01
1.2256782313478578E+00
1.4760732742798266E+00
1.7347593006005211E+00
2.0008787743764973E+00
2.2736900276276466E+00
2.5523039104669261E+00
2.8358450691834087E+00
3.1233604738926783E+00
3.4138905108469229E+00
3.7064380863933364E+00
4.0000000000001412E+00
4.2935619136069487E+00
4.5861094891533662E+00
4.8766395261076045E+00
5.1641549308168715E+00
5.4476960895333386E+00
5.7263099723726070E+00
5.9991212256237443E+00
6.2652406993997021E+00
6.5239267257203739E+00
6.7743217686523174E+00
7.0158323082074716E+00
7.2472473285311558E+00
7.4675579727684109E+00
7.6725687491383399E+00
7.8538767890341594E+00
8.0000000000000000E+00
0.0000000000000000E+00
1.4233925425322791E-01
3.1606509634776658E-01
5.1449304449429889E-01
7.3066014559308856E-01
9.6087849222360522E-01
1.2025007866629325E+00
1.4540531853511105E+00
1.7144431801018125E+00
1.9826507332117598E+00
2.2577851881611113E+00
2.5388814633121020E+00
2.8250107563932776E+00
3.1151837587669107E+00
3.4084172738158243E+00
3.7036950200568652E+00
4.0000000000001430E+00
4.2963049799434225E+00
4.5915827261844644E+00
4.8848162412333735E+00
5.1749892436070022E+00
5.4611185366881667E+00
5.7422148118391432E+00
6.0173492667884787E+00
6.2855568198984084E+00
6.5459468146490885E+00
6.7974992133372414E+00
7.0391215077765432E+00
7.2693398544070291E+00
7.4855069555057936E+00
7.6839349036522924E+00
7.8576607457467995E+00
8.0000000000000000E+00
0.0000000000000000E+00
1.4142019841833528E-01
3.1091236517234599E-01
5.0421613430361101E-01
7.1657599809585149E-01
9.4445557398643476E-01
1.1851839638302115E+00
1.4368586402628227E+00
1.6980961953179350E+00
1.9676593688716622E+00
2.2444952175542356E+00
2.5275369039172695E+00
2.8157769548725717E+00
3.1081748538959735E+00
3.4037074524501594E+00
3.7013295307090668E+00
4.0000000000001439E+00
4.2986704692912197E+00
4.5962925475501297E+00
4.8918251461043116E+00
5.1842230451277098E+00
5.4724630960829970E+00
5.7555047824460202E+00
6.0323406311285757E+00
6.3019038046822846E+00
6.5631413597373740E+00
6.8148160361699635E+00
7.0555444260137117E+00
7.2834240019042671E+00
7.4957838656964801E+00
7.6890876348277173E+00
7.8585798015816941E+00
8.0000000000000000E+00
0.0000000000000000E+00
1.4201997995129775E-01
3.0921904880749579E-01
4.9901713540379439E-01
7.0806312200714683E-01
9.3351834127520539E-01
1.1727977622318710E+00
1.4239707692754384E+00
1.6854058302079953E+00
1.9557299211983004E+00
2.2337217063825783E+00
2.5182172476356355E+00
2.8081164882398966E+00
3.1023206065653679E+00
3.3997554007448785E+00
3.6993395818422110E+00
4.0000000000001439E+00
4.3006604181580776E+00
4.6002445992554062E+00
4.8976793934349176E+00
5.1918835117603797E+00
5.4817827523646310E+00
5.7662782936176749E+00
6.0442700788019375E+00
6.3145941697922190E+00
6.5760292307247559E+00
6.8272022377682982E+00
7.0664816587249426E+00
7.2919368779929696E+00
7.5009828645962964E+00
7.6907809511925658E+00
7.8579800200487337E+00
8.0000000000000000E+00
0.0000000000000000E+00
1.4320846025904577E-01
3.0934574950897237E-01
4.9682769277023958E-01
7.0334668613843532E-01
9.2661660778788002E-01
1.1643687612124967E+00
1.4147106987464917E+00
1.6759378771543436E+00
1.9465777868078884E+00
2.2252859638022811E+00
2.5108097754223926E+00
2.8019606123735561E+00
3.0975800589313724E+00
3.3965385415408686E+00
3.6977151717012515E+00
4.0000000000001439E+00
4.3022848282990349E+00
4.6034614584594218E+00
4.9024199410689109E+00
5.1980393876267232E+00
5.4891902245778743E+00
5.7747140361979739E+00
6.0534222131923494E+00
6.3240621228458727E+00
6.5852893012536988E+00
6.8356312387876743E+00
7.0733833922122633E+00
7.2966533138616789E+00
7.5031723072298444E+00
7.6906542504910913E+00
7.8567915397409864E+00
8.0000000000000000E+00
0.0000000000000000E+00
1.4460690691853104E-01
3.1037753519530015E-01
4.9640253142227903E-01
7.0106235085312796E-01
9.2254971369795336E-01
1.1588954371042757E+00
1.4083297332864126E+00
1.6691403159917801E+00
1.9398142201894162E+00
2.2189179476167342E+00
2.5051315207861529E+00
2.7971883698114195E+00
3.0938761695436927E+00
3.3940118114998650E+00
3.6964355063134571E+00
4.0000000000001439E+00
4.3035644936868307E+00
4.6059881885004241E+00
4.9061238304565942E+00
5.2028116301888589E+00
5.4948684792141194E+00
5.7810820523835229E+00
6.0601857798108218E+00
6.3308596840084377E+00
6.5916702667137796E+00
6.8411045628958957E+00
7.0774502863021898E+00
7.2989376491469855E+00
7.5035974685778077E+00
7.6896224648047609E+00
7.8553930930815019E+00
8.0000000000000000E+00
0.0000000000000000E+00
1.4588634784495100E-01
3.1165187645982451E-01
4.9679483168468086E-01
7.0016763692381523E-01
9.2030990825805326E-01
1.1555128514996720E+00
1.4041274339284022E+00
1.6644800127136308E+00
1.9350442164393356E+00
2.2143355835066894E+00
2.5009850252298462E+00
2.7936662692918857E+00
3.0911221001814608E+00
3.3921236258332899E+00
3.6954765521670465E+00
4.0000000000001448E+00
4.3045234478332430E+00
4.6078763741670024E+00
4.9088778998188278E+00
5.2063337307083986E+00
5.4990149747704269E+00
5.7856644164935727E+00
6.0649557835609080E+00
6.3355199872865899E+00
6.5958725660717921E+00
6.8444871485005034E+00
7.0796900917420951E+00
7.2998323630763045E+00
7.5032051683154108E+00
7.6883481235402407E+00
7.8541136521550836E+00
8.0000000000000000E+00
0.0000000000000000E+00
1.4691637533617025E-01
3.1281210133281917E-01
4.9745744804641906E-01
6.9999650972535454E-01
9.1920954777212716E-01
1.1535768249410674E+00
1.4015525296733322E+00
1.6615079161364896E+00
1.9319209978361034E+00
2.2112792840986870E+00
2.4981829975603067E+00
2.7912635424852881E+00
3.0892310100363067E+00
3.3908213712154129E+00
3.6948135704606906E+00
4.0000000000001430E+00
4.3051864295396012E+00
4.6091786287848837E+00
4.9107689899639819E+00
5.2087364575149975E+00
5.5018170024399691E+00
5.7887207159015759E+00
6.0680790021641489E+00
6.3384920838637342E+00
6.5984474703268683E+00
6.8464231750591100E+00
7.0807904522280252E+00
7.3000034902747695E+00
7.5025425519536739E+00
7.6871878986672479E+00
7.8530836246638671E+00
8.0000000000000000E+00
0.0000000000000000E+00
1.4756023304213783E-01
3.1358584985736038E-01
4.9797977261779719E-01
7.0005412022002855E-01
9.1872612165656720E-01
1.1525905614934635E+00
1.4001672679892285E+00
1.6598614365256990E+00
1.9301577967125403E+00
2.2095316156535105E+00
2.4965659256864847E+00
2.7898678963736989E+00
3.0881275046266827E+00
3.3900591924447769E+00
3.6944248707210616E+00
4.0000000000001483E+00
4.3055751292792372E+00
4.6099408075555228E+00
4.9118724953736086E+00
5.2101321036265906E+00
5.5034340743137973E+00
5.7904683843467595E+00
6.0698422032877133E+00
6.3401385634745333E+00
6.5998327320109755E+00
6.8474094385067206E+00
7.0812738783435867E+00
7.2999458797800978E+00
7.5020202273822996E+00
7.6864141501427081E+00
7.8524397669578985E+00
8.0000000000000000E+00
0.0000000000000000E+00
1.4778960226524918E-01
3.1386571099083205E-01
4.9818592262047096E-01
7.0011148264848388E-01
9.1860580407405190E-01
1.1523015981490015E+00
1.3997414739205136E+00
1.6593431993518206E+00
1.9295948440190493E+00
2.2089682139333542E+00
2.4960412250167350E+00
2.7894128734955679E+00
3.0877666110481128E+00
3.3898093690424305E+00
3.6942973265442203E+00
4.0000000000001545E+00
4.3057026734560848E+00
4.6101906309578720E+00
4.9122333889521865E+00
5.2105871265047270E+00
5.5039587749835484E+00
5.7910317860669167E+00
6.0704051559812076E+00
6.3406568006484143E+00
6.6002585260796947E+00
6.8476984018511837E+00
7.0813941959261042E+00
7.2998885173516452E+00
7.5018140773796258E+00
7.6861342890092361E+00
7.8522103977347868E+00
8.0000000000000000E+00
0.0000000000000000E+00
1.4756023304213800E-01
3.1358584985736077E-01
4.9797977261779752E-01
7.0005412022002900E-01
9.1872612165656731E-01
1.1525905614934633E+00
1.4001672679892290E+00
1.6598614365256994E+00
1.9301577967125414E+00
2.2095316156535127E+00
2.4965659256864865E+00
2.7898678963737016E+00
3.0881275046266876E+00
3.3900591924447814E+00
3.6944248707210670E+00
4.0000000000001581E+00
4.3055751292792470E+00
4.6099408075555326E+00
4.9118724953736210E+00
5.2101321036266022E+00
5.5034340743138008E+00
5.7904683843467648E+00
6.0698422032877186E+00
6.3401385634745404E+00
6.5998327320109826E+00
6.8474094385067259E+00
7.0812738783435920E+00
7.2999458797801067E+00
7.5020202273823031E+00
7.6864141501427099E+00
7.8524397669578976E+00
8.0000000000000000E+00
0.0000000000000000E+00
1.4691637533617052E-01
3.1281210133281978E-01
4.9745744804642000E-01
6.9999650972535565E-01
9.1920954777212771E-01
1.1535768249410687E+00
1.4015525296733333E+00
1.6615079161364914E+00
1.9319209978361052E+00
2.2112792840986928E+00
2.4981829975603125E+00
2.7912635424852930E+00
3.0892310100363156E+00
3.3908213712154200E+00
3.6948135704607035E+00
4.0000000000001599E+00
4.3051864295396198E+00
4.6091786287849015E+00
4.9107689899640024E+00
5.2087364575150170E+00
5.5018170024399842E+00
5.7887207159015892E+00
6.0680790021641595E+00
6.3384920838637484E+00
6.5984474703268834E+00
6.8464231750591198E+00
7.0807904522280349E+00
7.3000034902747775E+00
7.5025425519536872E+00
7.6871878986672515E+00
7.8530836246638618E+00
8.0000000000000000E+00
0.0000000000000000E+00
1.4588634784495133E-01
3.1165187645982528E-01
4.9679483168468214E-01
7.0016763692381667E-01
9.2030990825805448E-01
1.1555128514996742E+00
1.4041274339284038E+00
1.6644800127136337E+00
1.9350442164393402E+00
2.2143355835066960E+00
2.5009850252298551E+00
2.7936662692918954E+00
3.0911221001814724E+00
3.3921236258333032E+00
3.6954765521670638E+00
4.0000000000001670E+00
4.3045234478332679E+00
4.6078763741670290E+00
4.9088778998188536E+00
5.2063337307084243E+00
5.4990149747704491E+00
5.7856644164935922E+00
6.0649557835609285E+00
6.3355199872866113E+00
6.5958725660718134E+00
6.8444871485005168E+00
7.0796900917421093E+00
7.2998323630763178E+00
7.5032051683154215E+00
7.6883481235402442E+00
7.8541136521550792E+00
8.0000000000000000E+00
0.0000000000000000E+00
1.4460690691853142E-01
3.1037753519530120E-01
4.9640253142228091E-01
7.0106235085312996E-01
9.2254971369795535E-01
1.1588954371042788E+00
1.4083297332864162E+00
1.6691403159917859E+00
1.9398142201894235E+00
2.2189179476167431E+00
2.5051315207861635E+00
2.7971883698114333E+00
3.0938761695437074E+00
3.3940118114998823E+00
3.6964355063134788E+00
4.0000000000001688E+00
4.3035644936868627E+00
4.6059881885004570E+00
4.9061238304566261E+00
5.2028116301888963E+00
5.4948684792141487E+00
5.7810820523835513E+00
6.0601857798108520E+00
6.3308596840084634E+00
6.5916702667138036E+00
6.8411045628959153E+00
7.0774502863022093E+00
7.2989376491470042E+00
7.5035974685778219E+00
7.6896224648047644E+00
7.8553930930814992E+00
8.0000000000000000E+00
0.0000000000000000E+00
1.4320846025904621E-01
3.0934574950897364E-01
4.9682769277024164E-01
7.0334668613843754E-01
9.2661660778788257E-01
1.1643687612125009E+00
1.4147106987464972E+00
1.6759378771543507E+00
1.9465777868078979E+00
2.2252859638022913E+00
2.5108097754224059E+00
2.8019606123735707E+00
3.0975800589313898E+00
3.3965385415408904E+00
3.6977151717012777E+00
4.0000000000001732E+00
4.3022848282990713E+00
4.6034614584594582E+00
4.9024199410689535E+00
5.1980393876267659E+00
5.4891902245779134E+00
5.7747140361980147E+00
6.0534222131923858E+00
6.3240621228459064E+00
6.5852893012537272E+00
6.8356312387876992E+00
7.0733833922122864E+00
7.2966533138616985E+00
7.5031723072298577E+00
7.6906542504910957E+00
7.8567915397409847E+00
8.0000000000000000E+00
0.0000000000000000E+00
1.4201997995129823E-01
3.0921904880749718E-01
4.9901713540379650E-01
7.0806312200714927E-01
9.3351834127520850E-01
1.1727977622318753E+00
1.4239707692754453E+00
1.6854058302080051E+00
1.9557299211983112E+00
2.2337217063825898E+00
2.5182172476356510E+00
2.8081164882399126E+00
3.1023206065653866E+00
3.3997554007449033E+00
3.6993395818422412E+00
4.0000000000001794E+00
4.3006604181581185E+00
4.6002445992554479E+00
4.8976793934349656E+00
5.1918835117604312E+00
5.4817827523646798E+00
5.7662782936177246E+00
6.0442700788019845E+00
6.3145941697922572E+00
6.5760292307247870E+00
6.8272022377683257E+00
7.0664816587249648E+00
7.2919368779929874E+00
7.5009828645963026E+00
7.6907809511925720E+00
7.8579800200487355E+00
8.0000000000000000E+00
0.0000000000000000E+00
1.4142019841833572E-01
3.1091236517234694E-01
5.0421613430361312E-01
7.1657599809585371E-01
9.4445557398643809E-01
1.1851839638302151E+00
1.4368586402628285E+00
1.6980961953179452E+00
1.9676593688716757E+00
2.2444952175542485E+00
2.5275369039172855E+00
2.8157769548725891E+00
3.1081748538959943E+00
3.4037074524501878E+00
3.7013295307091028E+00
4.0000000000001856E+00
4.2986704692912650E+00
4.5962925475501768E+00
4.8918251461043614E+00
5.1842230451277631E+00
5.4724630960830520E+00
5.7555047824460734E+00
6.0323406311286227E+00
6.3019038046823255E+00
6.5631413597374086E+00
6.8148160361699928E+00
7.0555444260137383E+00
7.2834240019042857E+00
7.4957838656964899E+00
7.6890876348277191E+00
7.8585798015816977E+00
8.0000000000000000E+00
0.0000000000000000E+00
1.4233925425322841E-01
3.1606509634776753E-01
5.1449304449430122E-01
7.3066014559309134E-01
9.6087849222360910E-01
1.2025007866629358E+00
1.4540531853511165E+00
1.7144431801018216E+00
1.9826507332117738E+00
2.2577851881611264E+00
2.5388814633121184E+00
2.8250107563932971E+00
3.1151837587669355E+00
3.4084172738158567E+00
3.7036950200569048E+00
4.0000000000001874E+00
4.2963049799434723E+00
4.5915827261845124E+00
4.8848162412334259E+00
5.1749892436070590E+00
5.4611185366882280E+00
5.7422148118391982E+00
6.0173492667885311E+00
6.2855568198984519E+00
6.5459468146491240E+00
6.7974992133372769E+00
7.0391215077765716E+00
7.2693398544070504E+00
7.4855069555058007E+00
7.6839349036522986E+00
7.8576607457468040E+00
8.0000000000000000E+00
0.0000000000000000E+00
1.4612321096587005E-01
3.2743125086172142E-01
5.3244202723168366E-01
7.5275267146897085E-01
9.8416769179268326E-01
1.2256782313478625E+00
1.4760732742798326E+00
1.7347593006005293E+00
2.0008787743765097E+00
2.2736900276276617E+00
2.5523039104669434E+00
2.8358450691834296E+00
3.1233604738927041E+00
3.4138905108469539E+00
3.7064380863933772E+00
4.0000000000001910E+00
4.2935619136070011E+00
4.5861094891534195E+00
4.8766395261076623E+00
5.1641549308169292E+00
5.4476960895334043E+00
5.7263099723726656E+00
5.9991212256237949E+00
6.2652406993997465E+00
6.5239267257204103E+00
6.7743217686523503E+00
7.0158323082074965E+00
7.2472473285311727E+00
7.4675579727684207E+00
7.6725687491383452E+00
7.8538767890341603E+00
8.0000000000000000E+00
0.0000000000000000E+00
1.5662949556856209E-01
3.4890477724705282E-01
5.6221950837375012E-01
7.8402167553759750E-01
1.0151219572589032E+00
1.2548518911751594E+00
1.5029457160539517E+00
1.7589677533279240E+00
2.0222606118953226E+00
2.2921272335415690E+00
2.5677368730804586E+00
2.8482270460374175E+00
3.1326673103524438E+00
3.4201028487254237E+00
3.7095469433818384E+00
4.0000000000001918E+00
4.2904530566185421E+00
4.5798971512749489E+00
4.8673326896479265E+00
5.1517729539629418E+00
5.4322631269198922E+00
5.7078727664587570E+00
5.9777393881049825E+00
6.2410322466723471E+00
6.4970542839462953E+00
6.7451481088250524E+00
6.9848780427412782E+00
7.2159783244625464E+00
7.4377804916263575E+00
7.6510952227530140E+00
7.8433705044314674E+00
8.0000000000000000E+00
0.0000000000000000E+00
1.8013702945095617E-01
3.9424441498329210E-01
6.0562191581188285E-01
8.2587525351083302E-01
1.0534809783939791E+00
1.2897599467692684E+00
1.5342920188080693E+00
1.7867738037400143E+00
2.0465518239081248E+00
2.3129177173500834E+00
2.5850469620279450E+00
2.8620640300144737E+00
3.1430408771047440E+00
3.4270159598286121E+00
3.7130031288530430E+00
4.0000000000001945E+00
4.2869968711473376E+00
4.5729840401717636E+00
4.8569591228956241E+00
5.1379359699858869E+00
5.4149530379724036E+00
5.6870822826502447E+00
5.9534481760921798E+00
6.2132261962602646E+00
6.4657079811921765E+00
6.7102400532309483E+00
6.9465190216061998E+00
7.1741247464893183E+00
7.3943780841882258E+00
7.6057555850167793E+00
7.8198629705490719E+00
8.0000000000000000E+00
0.0000000000000000E+00
2.4541361715673476E-01
4.4960327246430970E-01
6.6015896811232433E-01
8.7399625729426633E-01
1.0972988290277772E+00
1.3288237811925965E+00
1.5691819142780754E+00
1.8175001399744415E+00
2.0733199755673217E+00
2.3357559159180505E+00
2.6040376722919127E+00
2.8772218197307833E+00
3.1543987622956551E+00
3.4345797954605199E+00
3.7167843008652484E+00
4.0000000000001910E+00
4.2832156991351322E+00
4.5654202045398522E+00
4.8456012377047113E+00
5.1227781802695729E+00
5.3959623277084345E+00
5.6642440840822736E+00
5.9266800244329820E+00
6.1824998600258363E+00
6.4308180857221720E+00
6.6711762188076182E+00
6.9027011709724038E+00
7.1260037427058860E+00
7.3398410318877909E+00
7.5503967275357642E+00
7.7545863828433017E+00
8.0000000000000000E+00
