0.0000000000000000E+00
9.4819932558088404E-01
1.8687012949669761E+00
2.9088218419016720E+00
4.0000000000000560E+00
5.0911781580984314E+00
6.1312987050331040E+00
7.0518006744191668E+00
8.0000000000000000E+00
0.0000000000000000E+00
7.2990453333030036E-01
1.7394831495751495E+00
2.8408365114773857E+00
4.0000000000000568E+00
5.1591634885227169E+00
6.2605168504249331E+00
7.2700954666697468E+00
8.0000000000000000E+00
0.0000000000000000E+00
6.9897179701899081E-01
1.6716155257798131E+00
2.8028420995861891E+00
4.0000000000000577E+00
5.1971579004139139E+00
6.3283844742202664E+00
7.3010282029810574E+00
8.0000000000000000E+00
0.0000000000000000E+00
6.9918459449542936E-01
1.6587238776526108E+00
2.7905158969199779E+00
4.0000000000000551E+00
5.2094841030801255E+00
6.3412761223474687E+00
7.3008154055046210E+00
8.0000000000000000E+00
0.0000000000000000E+00
6.9897179701899015E-01
1.6716155257798118E+00
2.8028420995861905E+00
4.0000000000000560E+00
5.1971579004139148E+00
6.3283844742202628E+00
7.3010282029810591E+00
8.0000000000000000E+00
0.0000000000000000E+00
7.2990453333029914E-01
1.7394831495751482E+00
2.8408365114773835E+00
4.0000000000000560E+00
5.1591634885227187E+00
6.2605168504249313E+00
7.2700954666697468E+00
8.0000000000000000E+00
0.0000000000000000E+00
9.4819932558088271E-01
1.8687012949669728E+00
2.9088218419016720E+00
4.0000000000000542E+00
5.0911781580984297E+00
6.1312987050331031E+00
7.0518006744191650E+00
8.0000000000000000E+00
0.0000000000000000E+00
9.4735051298613260E-01
1.8681229361920972E+00
2.9084954963079381E+00
4.0000000000000515E+00
5.0915045036921596E+00
6.1318770638079849E+00
7.0526494870139143E+00
8.0000000000000000E+00
0.0000000000000000E+00
7.3044221425046496E-01
1.7399390851909464E+00
2.8410794168307540E+00
4.0000000000000533E+00
5.1589205831693503E+00
6.2600609148091344E+00
7.2695577857495817E+00
8.0000000000000000E+00
0.0000000000000000E+00
7.0020478898820659E-01
1.6727454658005085E+00
2.8034343886514894E+00
4.0000000000000533E+00
5.1965656113486123E+00
6.3272545341995725E+00
7.2997952110118423E+00
8.0000000000000000E+00
0.0000000000000000E+00
7.0061529164494674E-01
1.6600712704058060E+00
2.7912299152389988E+00
4.0000000000000560E+00
5.2087700847611016E+00
6.3399287295942761E+00
7.2993847083551024E+00
8.0000000000000000E+00
0.0000000000000000E+00
7.0020478898820593E-01
1.6727454658005085E+00
2.8034343886514894E+00
4.0000000000000551E+00
5.1965656113486123E+00
6.3272545341995725E+00
7.2997952110118396E+00
8.0000000000000000E+00
0.0000000000000000E+00
7.3044221425046452E-01
1.7399390851909431E+00
2.8410794168307532E+00
4.0000000000000551E+00
5.1589205831693468E+00
6.2600609148091317E+00
7.2695577857495781E+00
8.0000000000000000E+00
0.0000000000000000E+00
9.4735051298613149E-01
1.8681229361920941E+00
2.9084954963079355E+00
4.0000000000000533E+00
5.0915045036921578E+00
6.1318770638079805E+00
7.0526494870139160E+00
8.0000000000000000E+00
0.0000000000000000E+00
9.4405834521408383E-01
1.8654298362108619E+00
2.9068350775321719E+00
4.0000000000000506E+00
5.0931649224679241E+00
6.1345701637892160E+00
7.0559416547859630E+00
8.0000000000000000E+00
0.0000000000000000E+00
7.3160588808408433E-01
1.7404839865458963E+00
2.8411771546209321E+00
4.0000000000000533E+00
5.1588228453791682E+00
6.2595160134541832E+00
7.2683941119159607E+00
8.0000000000000000E+00
0.0000000000000000E+00
7.0345535076118526E-01
1.6753453137468033E+00
2.8045897038281118E+00
4.0000000000000551E+00
5.1954102961719872E+00
6.3246546862532718E+00
7.2965446492388608E+00
8.0000000000000000E+00
0.0000000000000000E+00
7.0443383254067549E-01
1.6633102023266402E+00
2.7927530818290185E+00
4.0000000000000506E+00
5.2072469181710792E+00
6.3366897976734382E+00
7.2955661674593699E+00
8.0000000000000000E+00
0.0000000000000000E+00
7.0345535076118504E-01
1.6753453137468028E+00
2.8045897038281109E+00
4.0000000000000515E+00
5.1954102961719837E+00
6.3246546862532735E+00
7.2965446492388644E+00
8.0000000000000000E+00
0.0000000000000000E+00
7.3160588808408389E-01
1.7404839865458961E+00
2.8411771546209290E+00
4.0000000000000524E+00
5.1588228453791638E+00
6.2595160134541787E+00
7.2683941119159590E+00
8.0000000000000000E+00
0.0000000000000000E+00
9.4405834521408283E-01
1.8654298362108603E+00
2.9068350775321701E+00
4.0000000000000506E+00
5.0931649224679187E+00
6.1345701637892125E+00
7.0559416547859621E+00
8.0000000000000000E+00
0.0000000000000000E+00
9.3553269427643881E-01
1.8569524682979017E+00
2.9012454101779528E+00
4.0000000000000524E+00
5.0987545898221400E+00
6.1430475317021687E+00
7.0644673057236069E+00
8.0000000000000000E+00
0.0000000000000000E+00
7.3149564592454941E-01
1.7378008271728058E+00
2.8385955568994956E+00
4.0000000000000497E+00
5.1614044431005981E+00
6.2621991728272670E+00
7.2685043540754917E+00
8.0000000000000000E+00
0.0000000000000000E+00
7.0674582430460220E-01
1.6761393725711360E+00
2.8038528264726188E+00
4.0000000000000480E+00
5.1961471735274793E+00
6.3238606274289380E+00
7.2932541756954414E+00
8.0000000000000000E+00
0.0000000000000000E+00
7.0849485620446739E-01
1.6651215238975243E+00
2.7926703834189683E+00
4.0000000000000515E+00
5.2073296165811245E+00
6.3348784761025509E+00
7.2915051437955753E+00
8.0000000000000000E+00
0.0000000000000000E+00
7.0674582430460176E-01
1.6761393725711393E+00
2.8038528264726179E+00
4.0000000000000471E+00
5.1961471735274802E+00
6.3238606274289335E+00
7.2932541756954343E+00
8.0000000000000000E+00
0.0000000000000000E+00
7.3149564592454663E-01
1.7378008271728065E+00
2.8385955568994978E+00
4.0000000000000497E+00
5.1614044431005945E+00
6.2621991728272643E+00
7.2685043540754908E+00
8.0000000000000000E+00
0.0000000000000000E+00
9.3553269427643460E-01
1.8569524682979022E+00
2.9012454101779555E+00
4.0000000000000462E+00
5.0987545898221391E+00
6.1430475317021660E+00
7.0644673057236060E+00
8.0000000000000000E+00
0.0000000000000000E+00
9.1449645725951034E-01
1.8334263786096736E+00
2.8854574888121296E+00
4.0000000000000488E+00
5.1145425111879659E+00
6.1665736213903983E+00
7.0855035427405291E+00
8.0000000000000000E+00
0.0000000000000000E+00
7.2452322403727842E-01
1.7226737448622400E+00
2.8270001496339376E+00
4.0000000000000524E+00
5.1729998503661534E+00
6.2773262551378339E+00
7.2754767759627574E+00
8.0000000000000000E+00
0.0000000000000000E+00
7.0371240270502000E-01
1.6661143002056185E+00
2.7951419032484814E+00
4.0000000000000551E+00
5.2048580967516047E+00
6.3338856997944548E+00
7.2962875972950210E+00
8.0000000000000000E+00
0.0000000000000000E+00
7.0610291335293451E-01
1.6566224213092724E+00
2.7850312084504401E+00
4.0000000000000497E+00
5.2149687915496523E+00
6.3433775786908013E+00
7.2938970866471067E+00
8.0000000000000000E+00
0.0000000000000000E+00
7.0371240270502022E-01
1.6661143002056182E+00
2.7951419032484823E+00
4.0000000000000488E+00
5.2048580967516092E+00
6.3338856997944575E+00
7.2962875972950227E+00
8.0000000000000000E+00
0.0000000000000000E+00
7.2452322403727831E-01
1.7226737448622400E+00
2.8270001496339399E+00
4.0000000000000480E+00
5.1729998503661490E+00
6.2773262551378322E+00
7.2754767759627601E+00
8.0000000000000000E+00
0.0000000000000000E+00
9.1449645725950990E-01
1.8334263786096721E+00
2.8854574888121327E+00
4.0000000000000471E+00
5.1145425111879517E+00
6.1665736213903983E+00
7.0855035427405308E+00
8.0000000000000000E+00
0.0000000000000000E+00
8.6178170314568614E-01
1.7720005033392525E+00
2.8498314614043352E+00
4.0000000000000480E+00
5.1501685385957572E+00
6.2279994966608170E+00
7.1382182968543555E+00
8.0000000000000000E+00
0.0000000000000000E+00
6.9230076404983365E-01
1.6714214060055512E+00
2.7960142008890791E+00
4.0000000000000497E+00
5.2039857991110141E+00
6.3285785939945196E+00
7.3076992359502047E+00
8.0000000000000000E+00
0.0000000000000000E+00
6.7484008189772893E-01
1.6224796046918220E+00
2.7679192644910700E+00
4.0000000000000488E+00
5.2320807355090215E+00
6.3775203953082498E+00
7.3251599181023099E+00
8.0000000000000000E+00
0.0000000000000000E+00
6.7795894085359143E-01
1.6146444610535235E+00
2.7592109659599222E+00
4.0000000000000480E+00
5.2407890340401675E+00
6.3853555389465475E+00
7.3220410591464509E+00
8.0000000000000000E+00
0.0000000000000000E+00
6.7484008189772882E-01
1.6224796046918222E+00
2.7679192644910673E+00
4.0000000000000506E+00
5.2320807355090215E+00
6.3775203953082498E+00
7.3251599181023117E+00
8.0000000000000000E+00
0.0000000000000000E+00
6.9230076404983332E-01
1.6714214060055510E+00
2.7960142008890778E+00
4.0000000000000480E+00
5.2039857991110159E+00
6.3285785939945196E+00
7.3076992359502064E+00
8.0000000000000000E+00
0.0000000000000000E+00
8.6178170314568614E-01
1.7720005033392507E+00
2.8498314614043374E+00
4.0000000000000471E+00
5.1501685385957536E+00
6.2279994966608143E+00
7.1382182968543573E+00
8.0000000000000000E+00
0.0000000000000000E+00
6.9269125771073603E-01
1.6516496672362764E+00
2.7861840621101464E+00
4.0000000000000471E+00
5.2138159378899438E+00
6.3483503327637898E+00
7.3073087422892993E+00
8.0000000000000000E+00
0.0000000000000000E+00
5.4684106903630281E-01
1.5571105955991842E+00
2.7353093386315810E+00
4.0000000000000480E+00
5.2646906613685109E+00
6.4428894044008809E+00
7.4531589309637329E+00
8.0000000000000000E+00
0.0000000000000000E+00
5.3220524429013227E-01
1.5119504638595906E+00
2.7076217532684859E+00
4.0000000000000480E+00
5.2923782467316069E+00
6.4880495361404744E+00
7.4677947557099040E+00
8.0000000000000000E+00
0.0000000000000000E+00
5.3571549047121902E-01
1.5041426044322583E+00
2.6990135447622374E+00
4.0000000000000471E+00
5.3009864552378474E+00
6.4958573955678069E+00
7.4642845095288157E+00
8.0000000000000000E+00
0.0000000000000000E+00
5.3220524429013261E-01
1.5119504638595904E+00
2.7076217532684854E+00
4.0000000000000435E+00
5.2923782467316052E+00
6.4880495361404753E+00
7.4677947557099023E+00
8.0000000000000000E+00
0.0000000000000000E+00
5.4684106903630314E-01
1.5571105955991833E+00
2.7353093386315810E+00
4.0000000000000488E+00
5.2646906613685100E+00
6.4428894044008880E+00
7.4531589309637338E+00
8.0000000000000000E+00
0.0000000000000000E+00
6.9269125771073581E-01
1.6516496672362764E+00
2.7861840621101446E+00
4.0000000000000471E+00
5.2138159378899509E+00
6.3483503327637978E+00
7.3073087422893019E+00
8.0000000000000000E+00
