0.0000000000000000E+00
8.8023035055226095E-01
1.4348161589675514E+00
1.7483557578418631E+00
1.8522444167132313E+00
1.7483557578418509E+00
1.4348161589675303E+00
8.8023035055223886E-01
0.0000000000000000E+00
0.0000000000000000E+00
3.3705953809136807E-01
6.8055602133989179E-01
8.9433365807050158E-01
9.6628291306863168E-01
8.9433365807049769E-01
6.8055602133988724E-01
3.3705953809136580E-01
0.0000000000000000E+00
0.0000000000000000E+00
1.3914682639232023E-01
2.6658080888658386E-01
3.6623208523781220E-01
4.0170139162192831E-01
3.6623208523781148E-01
2.6658080888658348E-01
1.3914682639232037E-01
0.0000000000000000E+00
0.0000000000000000E+00
2.5115033758456164E-16
8.8214155918046314E-16
7.6112265530878860E-16
8.8118722375235429E-16
1.2342669817181526E-15
1.0281001022247856E-15
6.1261367202276907E-16
0.0000000000000000E+00
0.0000000000000000E+00
-1.3914682639231973E-01
-2.6658080888658259E-01
-3.6623208523780998E-01
-4.0170139162192658E-01
-3.6623208523781015E-01
-2.6658080888658281E-01
-1.3914682639231901E-01
0.0000000000000000E+00
0.0000000000000000E+00
-3.3705953809136757E-01
-6.8055602133989024E-01
-8.9433365807049958E-01
-9.6628291306862912E-01
-8.9433365807049570E-01
-6.8055602133988569E-01
-3.3705953809136513E-01
0.0000000000000000E+00
0.0000000000000000E+00
-8.8023035055225995E-01
-1.4348161589675501E+00
-1.7483557578418603E+00
-1.8522444167132281E+00
-1.7483557578418472E+00
-1.4348161589675283E+00
-8.8023035055223831E-01
0.0000000000000000E+00
0.0000000000000000E+00
8.8183681251314161E-01
1.4376296783480718E+00
1.7519834045166738E+00
1.8561599481830167E+00
1.7519834045166613E+00
1.4376296783480496E+00
8.8183681251312007E-01
0.0000000000000000E+00
0.0000000000000000E+00
3.3852219891606689E-01
6.8283922859949286E-01
8.9715825482479650E-01
9.6929447827679827E-01
8.9715825482479394E-01
6.8283922859948853E-01
3.3852219891606500E-01
0.0000000000000000E+00
0.0000000000000000E+00
1.3994158190936326E-01
2.6784008029993284E-01
3.6772856192771342E-01
4.0327650077749511E-01
3.6772856192771236E-01
2.6784008029993295E-01
1.3994158190936229E-01
0.0000000000000000E+00
0.0000000000000000E+00
3.4018990676825591E-16
5.6876294552971454E-16
7.3825975658469054E-16
9.1361875634908435E-16
7.0762662490056994E-16
1.1401183935129147E-16
1.4928030471401465E-16
0.0000000000000000E+00
0.0000000000000000E+00
-1.3994158190936290E-01
-2.6784008029993178E-01
-3.6772856192771125E-01
-4.0327650077749361E-01
-3.6772856192771086E-01
-2.6784008029993106E-01
-1.3994158190936193E-01
0.0000000000000000E+00
0.0000000000000000E+00
-3.3852219891606655E-01
-6.8283922859949220E-01
-8.9715825482479483E-01
-9.6929447827679660E-01
-8.9715825482479183E-01
-6.8283922859948676E-01
-3.3852219891606328E-01
0.0000000000000000E+00
0.0000000000000000E+00
-8.8183681251314039E-01
-1.4376296783480695E+00
-1.7519834045166724E+00
-1.8561599481830138E+00
-1.7519834045166578E+00
-1.4376296783480480E+00
-8.8183681251312018E-01
0.0000000000000000E+00
0.0000000000000000E+00
8.8622829874228037E-01
1.4455358994936514E+00
1.7623459159155277E+00
1.8674206638267277E+00
1.7623459159155148E+00
1.4455358994936300E+00
8.8622829874225872E-01
0.0000000000000000E+00
0.0000000000000000E+00
3.4268178290507167E-01
6.8914727541470167E-01
9.0483874131928654E-01
9.7743588973012574E-01
9.0483874131928177E-01
6.8914727541469611E-01
3.4268178290506845E-01
0.0000000000000000E+00
0.0000000000000000E+00
1.4214467254069313E-01
2.7124412061559755E-01
3.7165623036273177E-01
4.0736197395004942E-01
3.7165623036273177E-01
2.7124412061559722E-01
1.4214467254069243E-01
0.0000000000000000E+00
0.0000000000000000E+00
3.7958572880385544E-16
5.5483405866963296E-16
4.3190756463956210E-16
7.7879437482153184E-16
1.1367163053418552E-15
9.4327486199101862E-16
1.9885405048492912E-16
0.0000000000000000E+00
0.0000000000000000E+00
-1.4214467254069235E-01
-2.7124412061559616E-01
-3.7165623036273004E-01
-4.0736197395004764E-01
-3.7165623036273010E-01
-2.7124412061559561E-01
-1.4214467254069152E-01
0.0000000000000000E+00
0.0000000000000000E+00
-3.4268178290507068E-01
-6.8914727541469978E-01
-9.0483874131928388E-01
-9.7743588973012330E-01
-9.0483874131928066E-01
-6.8914727541469445E-01
-3.4268178290506779E-01
0.0000000000000000E+00
0.0000000000000000E+00
-8.8622829874227937E-01
-1.4455358994936489E+00
-1.7623459159155246E+00
-1.8674206638267241E+00
-1.7623459159155108E+00
-1.4455358994936289E+00
-8.8622829874225850E-01
0.0000000000000000E+00
0.0000000000000000E+00
8.9168110135003009E-01
1.4561878074245374E+00
1.7770183575103029E+00
1.8834903468177884E+00
1.7770183575102894E+00
1.4561878074245165E+00
8.9168110135000889E-01
0.0000000000000000E+00
0.0000000000000000E+00
3.4852204381843438E-01
6.9714511446972161E-01
9.1397736542286412E-01
9.8687329665209778E-01
9.1397736542286079E-01
6.9714511446971572E-01
3.4852204381843194E-01
0.0000000000000000E+00
0.0000000000000000E+00
1.4495909167259036E-01
2.7521216481333277E-01
3.7571602629365014E-01
4.1138649933114840E-01
3.7571602629364903E-01
2.7521216481333222E-01
1.4495909167258905E-01
0.0000000000000000E+00
0.0000000000000000E+00
1.6482739341246662E-16
6.0914059617087298E-16
8.3335611218395324E-16
1.4873046626419647E-15
1.0839552849937089E-15
4.4007245794251441E-17
7.4786459916957219E-16
0.0000000000000000E+00
0.0000000000000000E+00
-1.4495909167258914E-01
-2.7521216481333116E-01
-3.7571602629364759E-01
-4.1138649933114685E-01
-3.7571602629364731E-01
-2.7521216481332983E-01
-1.4495909167258814E-01
0.0000000000000000E+00
0.0000000000000000E+00
-3.4852204381843327E-01
-6.9714511446971772E-01
-9.1397736542286112E-01
-9.8687329665209600E-01
-9.1397736542285846E-01
-6.9714511446971306E-01
-3.4852204381842983E-01
0.0000000000000000E+00
0.0000000000000000E+00
-8.9168110135002832E-01
-1.4561878074245374E+00
-1.7770183575103007E+00
-1.8834903468177848E+00
-1.7770183575102878E+00
-1.4561878074245154E+00
-8.9168110135000844E-01
0.0000000000000000E+00
0.0000000000000000E+00
8.9328535375506668E-01
1.4630486628660244E+00
1.7878498410995114E+00
1.8957624671063498E+00
1.7878498410994965E+00
1.4630486628660027E+00
8.9328535375504636E-01
0.0000000000000000E+00
0.0000000000000000E+00
3.5295913522135763E-01
6.9996359365447147E-01
9.1488247295197034E-01
9.8704757906886931E-01
9.1488247295196534E-01
6.9996359365446692E-01
3.5295913522135447E-01
0.0000000000000000E+00
0.0000000000000000E+00
1.4595931228400444E-01
2.7523485059937441E-01
3.7387356535058636E-01
4.0874445255095032E-01
3.7387356535058675E-01
2.7523485059937358E-01
1.4595931228400413E-01
0.0000000000000000E+00
0.0000000000000000E+00
3.7957927787815115E-16
2.3861183484225154E-16
2.1035066077245467E-17
5.2358673131010735E-16
1.3429585087080475E-15
1.0329592272962562E-15
4.2656058385834720E-16
0.0000000000000000E+00
0.0000000000000000E+00
-1.4595931228400388E-01
-2.7523485059937269E-01
-3.7387356535058525E-01
-4.0874445255094721E-01
-3.7387356535058369E-01
-2.7523485059937131E-01
-1.4595931228400247E-01
0.0000000000000000E+00
0.0000000000000000E+00
-3.5295913522135658E-01
-6.9996359365446903E-01
-9.1488247295196645E-01
-9.8704757906886842E-01
-9.1488247295196379E-01
-6.9996359365446337E-01
-3.5295913522135303E-01
0.0000000000000000E+00
0.0000000000000000E+00
-8.9328535375506557E-01
-1.4630486628660226E+00
-1.7878498410995087E+00
-1.8957624671063471E+00
-1.7878498410994936E+00
-1.4630486628660013E+00
-8.9328535375504559E-01
0.0000000000000000E+00
0.0000000000000000E+00
8.8084814250836208E-01
1.4469856290828575E+00
1.7719146891352289E+00
1.8796156264329991E+00
1.7719146891352164E+00
1.4469856290828358E+00
8.8084814250834165E-01
0.0000000000000000E+00
0.0000000000000000E+00
3.4595277322366419E-01
6.7718622605794399E-01
8.8320786452134292E-01
9.5262306547084385E-01
8.8320786452134037E-01
6.7718622605793888E-01
3.4595277322366103E-01
0.0000000000000000E+00
0.0000000000000000E+00
1.3888761877037875E-01
2.6120928707717939E-01
3.5368538607462957E-01
3.8655687584067905E-01
3.5368538607462868E-01
2.6120928707717905E-01
1.3888761877037839E-01
0.0000000000000000E+00
0.0000000000000000E+00
1.0378772788585352E-16
1.1885809083621706E-16
5.6446269570008005E-16
8.4338623753954350E-16
1.4108240824562038E-15
1.1785904390551868E-15
1.4325367293341780E-16
0.0000000000000000E+00
0.0000000000000000E+00
-1.3888761877037833E-01
-2.6120928707717900E-01
-3.5368538607462890E-01
-3.8655687584067611E-01
-3.5368538607462674E-01
-2.6120928707717778E-01
-1.3888761877037759E-01
0.0000000000000000E+00
0.0000000000000000E+00
-3.4595277322366358E-01
-6.7718622605794221E-01
-8.8320786452134148E-01
-9.5262306547084130E-01
-8.8320786452133659E-01
-6.7718622605793655E-01
-3.4595277322365936E-01
0.0000000000000000E+00
0.0000000000000000E+00
-8.8084814250836085E-01
-1.4469856290828558E+00
-1.7719146891352271E+00
-1.8796156264329977E+00
-1.7719146891352151E+00
-1.4469856290828342E+00
-8.8084814250833998E-01
0.0000000000000000E+00
0.0000000000000000E+00
7.9680615480898720E-01
1.3407382498193607E+00
1.6522748428821896E+00
1.7557126018503071E+00
1.6522748428821772E+00
1.3407382498193416E+00
7.9680615480896888E-01
0.0000000000000000E+00
0.0000000000000000E+00
2.9304846516252303E-01
5.8496110254911315E-01
7.7450011853955936E-01
8.3928276703381555E-01
7.7450011853955614E-01
5.8496110254910982E-01
2.9304846516252098E-01
0.0000000000000000E+00
0.0000000000000000E+00
1.1170684808961712E-01
2.1520571785767667E-01
2.9740046931520914E-01
3.2731975398361229E-01
2.9740046931521152E-01
2.1520571785767820E-01
1.1170684808961757E-01
0.0000000000000000E+00
0.0000000000000000E+00
-3.5747054231660703E-17
1.2599397495047650E-16
4.7642748578485851E-16
6.6491875383363749E-16
1.7637940143363003E-16
6.3366440318480317E-16
2.3924821658917456E-16
0.0000000000000000E+00
0.0000000000000000E+00
-1.1170684808961692E-01
-2.1520571785767598E-01
-2.9740046931520803E-01
-3.2731975398361246E-01
-2.9740046931520914E-01
-2.1520571785767584E-01
-1.1170684808961642E-01
0.0000000000000000E+00
0.0000000000000000E+00
-2.9304846516252281E-01
-5.8496110254911238E-01
-7.7450011853955836E-01
-8.3928276703381299E-01
-7.7450011853955414E-01
-5.8496110254910760E-01
-2.9304846516252026E-01
0.0000000000000000E+00
0.0000000000000000E+00
-7.9680615480898709E-01
-1.3407382498193607E+00
-1.6522748428821892E+00
-1.7557126018503064E+00
-1.6522748428821781E+00
-1.3407382498193403E+00
-7.9680615480896733E-01
0.0000000000000000E+00
