0.0000000000000000E+00
5.7339904836002953E-01
9.6685178399192140E-01
1.2732126559225130E+00
1.5158263311465319E+00
1.7011935737497017E+00
1.8333050408320601E+00
1.9118310476256277E+00
1.9384334899503972E+00
1.9118310476256231E+00
1.8333050408320499E+00
1.7011935737496890E+00
1.5158263311465179E+00
1.2732126559225001E+00
9.6685178399190719E-01
5.7339904836001487E-01
0.0000000000000000E+00
0.0000000000000000E+00
3.1211491537003933E-01
6.1740106261518546E-01
8.6874242690066583E-01
1.0722334483653564E+00
1.2286897163020130E+00
1.3397323819903095E+00
1.4061586901637946E+00
1.4282282417454504E+00
1.4061586901637932E+00
1.3397323819903053E+00
1.2286897163020063E+00
1.0722334483653491E+00
8.6874242690065806E-01
6.1740106261517858E-01
3.1211491537003638E-01
0.0000000000000000E+00
0.0000000000000000E+00
2.0423018381421881E-01
3.9683093591158436E-01
5.8284280527357091E-01
7.3855426292539006E-01
8.6130941133773042E-01
9.4943407389174506E-01
1.0023461470645885E+00
1.0200575578911957E+00
1.0023461470645880E+00
9.4943407389174383E-01
8.6130941133772787E-01
7.3855426292538551E-01
5.8284280527356613E-01
3.9683093591158131E-01
2.0423018381421656E-01
0.0000000000000000E+00
0.0000000000000000E+00
1.3065018957840324E-01
2.5890892214883215E-01
3.8080255227030274E-01
4.8934061567952469E-01
5.7717071551516819E-01
6.4151061732130632E-01
6.8053358100311967E-01
6.9362496453249101E-01
6.8053358100311967E-01
6.4151061732130543E-01
5.7717071551516552E-01
4.8934061567952081E-01
3.8080255227029924E-01
2.5890892214882877E-01
1.3065018957840210E-01
0.0000000000000000E+00
0.0000000000000000E+00
7.9746325878907023E-02
1.5602596112814204E-01
2.3027203554017778E-01
2.9705251840709107E-01
3.5293223874651458E-01
3.9446676997820335E-01
4.1992155078661780E-01
4.2851040777333665E-01
4.1992155078661803E-01
3.9446676997820340E-01
3.5293223874651375E-01
2.9705251840708968E-01
2.3027203554017653E-01
1.5602596112814110E-01
7.9746325878906607E-02
0.0000000000000000E+00
0.0000000000000000E+00
3.7584388573837564E-02
7.3685981383390581E-02
1.0849349493326821E-01
1.4036579756615528E-01
1.6721023533395840E-01
1.8744571994037820E-01
1.9991926206363661E-01
2.0414479435706670E-01
1.9991926206363561E-01
1.8744571994037754E-01
1.6721023533395865E-01
1.4036579756615547E-01
1.0849349493326887E-01
7.3685981383392218E-02
3.7584388573838487E-02
0.0000000000000000E+00
0.0000000000000000E+00
8.0117248329456635E-17
1.3402700799614108E-16
1.5816865591697052E-16
1.2578852524732847E-16
-2.8514665068814119E-16
-2.6971110837483726E-17
7.8704809323664912E-17
-8.1326304912358665E-16
-1.5502611417186596E-15
-8.5727737595871546E-16
5.1389653537181064E-17
7.5814773070961708E-16
1.4275889521690379E-15
2.8510891474677207E-15
1.5227368935881687E-15
0.0000000000000000E+00
0.0000000000000000E+00
-3.7584388573837231E-02
-7.3685981383390206E-02
-1.0849349493326774E-01
-1.4036579756615516E-01
-1.6721023533395848E-01
-1.8744571994037881E-01
-1.9991926206363689E-01
-2.0414479435706812E-01
-1.9991926206363747E-01
-1.8744571994037912E-01
-1.6721023533395907E-01
-1.4036579756615586E-01
-1.0849349493326704E-01
-7.3685981383388596E-02
-3.7584388573836558E-02
0.0000000000000000E+00
0.0000000000000000E+00
-7.9746325878906676E-02
-1.5602596112814146E-01
-2.3027203554017739E-01
-2.9705251840709096E-01
-3.5293223874651458E-01
-3.9446676997820324E-01
-4.1992155078661858E-01
-4.2851040777333738E-01
-4.1992155078661797E-01
-3.9446676997820279E-01
-3.5293223874651430E-01
-2.9705251840708913E-01
-2.3027203554017561E-01
-1.5602596112813963E-01
-7.9746325878905913E-02
0.0000000000000000E+00
0.0000000000000000E+00
-1.3065018957840308E-01
-2.5890892214883221E-01
-3.8080255227030246E-01
-4.8934061567952436E-01
-5.7717071551516774E-01
-6.4151061732130654E-01
-6.8053358100311967E-01
-6.9362496453249034E-01
-6.8053358100311934E-01
-6.4151061732130588E-01
-5.7717071551516574E-01
-4.8934061567952236E-01
-3.8080255227030047E-01
-2.5890892214883066E-01
-1.3065018957840210E-01
0.0000000000000000E+00
0.0000000000000000E+00
-2.0423018381421892E-01
-3.9683093591158436E-01
-5.8284280527357091E-01
-7.3855426292538995E-01
-8.6130941133773042E-01
-9.4943407389174495E-01
-1.0023461470645871E+00
-1.0200575578911935E+00
-1.0023461470645856E+00
-9.4943407389174017E-01
-8.6130941133772398E-01
-7.3855426292538351E-01
-5.8284280527356525E-01
-3.9683093591157986E-01
-2.0423018381421579E-01
0.0000000000000000E+00
0.0000000000000000E+00
-3.1211491537004005E-01
-6.1740106261518668E-01
-8.6874242690066694E-01
-1.0722334483653577E+00
-1.2286897163020136E+00
-1.3397323819903093E+00
-1.4061586901637932E+00
-1.4282282417454482E+00
-1.4061586901637890E+00
-1.3397323819902998E+00
-1.2286897163020005E+00
-1.0722334483653442E+00
-8.6874242690065451E-01
-6.1740106261517602E-01
-3.1211491537003438E-01
0.0000000000000000E+00
0.0000000000000000E+00
-5.7339904836003108E-01
-9.6685178399192406E-01
-1.2732126559225174E+00
-1.5158263311465350E+00
-1.7011935737497037E+00
-1.8333050408320606E+00
-1.9118310476256275E+00
-1.9384334899503941E+00
-1.9118310476256166E+00
-1.8333050408320428E+00
-1.7011935737496799E+00
-1.5158263311465088E+00
-1.2732126559224908E+00
-9.6685178399190286E-01
-5.7339904836001332E-01
0.0000000000000000E+00
