0.0000000000000000E+00
8.6226513530891913E-01
1.8014013818857246E+00
2.8707514253624802E+00
4.0000000000000195E+00
5.1292485746375558E+00
6.1985986181143016E+00
7.1377348646910956E+00
8.0000000000000000E+00
0.0000000000000000E+00
7.0120446481535492E-01
1.7012874690878905E+00
2.8174148021170140E+00
4.0000000000000195E+00
5.1825851978830233E+00
6.2987125309121375E+00
7.2987955351846576E+00
8.0000000000000000E+00
0.0000000000000000E+00
6.8687865927713865E-01
1.6514712611544404E+00
2.7881019334436377E+00
4.0000000000000187E+00
5.2118980665564001E+00
6.3485287388455864E+00
7.3131213407228755E+00
8.0000000000000000E+00
0.0000000000000000E+00
6.9026573806648561E-01
1.6433225075492666E+00
2.7788298175296533E+00
4.0000000000000187E+00
5.2211701824703827E+00
6.3566774924507579E+00
7.3097342619335288E+00
8.0000000000000000E+00
0.0000000000000000E+00
6.8687865927713898E-01
1.6514712611544404E+00
2.7881019334436377E+00
4.0000000000000178E+00
5.2118980665563956E+00
6.3485287388455847E+00
7.3131213407228746E+00
8.0000000000000000E+00
0.0000000000000000E+00
7.0120446481535492E-01
1.7012874690878905E+00
2.8174148021170122E+00
4.0000000000000169E+00
5.1825851978830180E+00
6.2987125309121330E+00
7.2987955351846558E+00
8.0000000000000000E+00
0.0000000000000000E+00
8.6226513530891902E-01
1.8014013818857237E+00
2.8707514253624788E+00
4.0000000000000151E+00
5.1292485746375505E+00
6.1985986181142971E+00
7.1377348646910930E+00
8.0000000000000000E+00
