0.0000000000000000E+00
9.2648009478483362E-01
1.4928471067988707E+00
1.8153092305193563E+00
1.9218590286917809E+00
1.8153092305193508E+00
1.4928471067988613E+00
9.2648009478482496E-01
0.0000000000000000E+00
0.0000000000000000E+00
3.6732106467802061E-01
7.1579780624048550E-01
9.3116717464282717E-01
1.0034358323022894E+00
9.3116717464282583E-01
7.1579780624048350E-01
3.6732106467801917E-01
0.0000000000000000E+00
0.0000000000000000E+00
1.5025369717163087E-01
2.8282465676846297E-01
3.8246780438990713E-01
4.1774241676601814E-01
3.8246780438990668E-01
2.8282465676846325E-01
1.5025369717163112E-01
0.0000000000000000E+00
0.0000000000000000E+00
1.5067957331551683E-16
2.5359620863453947E-16
2.9701507534310710E-16
3.0231852992907911E-16
9.7277354858136854E-16
1.2058015988884517E-15
6.1527821074934572E-16
0.0000000000000000E+00
0.0000000000000000E+00
-1.5025369717163034E-01
-2.8282465676846208E-01
-3.8246780438990591E-01
-4.1774241676601687E-01
-3.8246780438990496E-01
-2.8282465676846069E-01
-1.5025369717162948E-01
0.0000000000000000E+00
0.0000000000000000E+00
-3.6732106467801978E-01
-7.1579780624048395E-01
-9.3116717464282450E-01
-1.0034358323022865E+00
-9.3116717464282284E-01
-7.1579780624048117E-01
-3.6732106467801789E-01
0.0000000000000000E+00
0.0000000000000000E+00
-9.2648009478483229E-01
-1.4928471067988676E+00
-1.8153092305193523E+00
-1.9218590286917763E+00
-1.8153092305193472E+00
-1.4928471067988596E+00
-9.2648009478482540E-01
0.0000000000000000E+00
