0.0000000000000000E+00
2.4612155454625426E-01
4.4816307065619354E-01
6.5696728546224503E-01
8.7171095265150222E-01
1.0949871546836334E+00
1.3269914038306474E+00
1.5675399421859064E+00
1.8161391584742133E+00
2.0721382808022031E+00
2.3347783277909220E+00
2.6032238409390644E+00
2.8765821690261086E+00
3.1539175095274237E+00
3.4342619240593861E+00
3.7166245970303686E+00
4.0000000000000204E+00
4.2833754029696776E+00
4.5657380759406623E+00
4.8460824904726243E+00
5.1234178309739402E+00
5.3967761590609840E+00
5.6652216722091238E+00
5.9278617191978471E+00
6.1838608415258340E+00
6.4324600578141427E+00
6.6730085961694003E+00
6.9050128453164117E+00
7.1282890473485381E+00
7.3430327145377907E+00
7.5518369293438337E+00
7.7538784454537586E+00
8.0000000000000000E+00
0.0000000000000000E+00
1.7532191537764205E-01
3.8911147213136693E-01
6.0268634778325769E-01
8.2313136395222697E-01
1.0513164656160325E+00
1.2878712071595053E+00
1.5326962448143895E+00
1.7853964123633095E+00
2.0453795124210821E+00
2.3119268866130129E+00
2.5842298266211490E+00
2.8614136027694643E+00
3.1425543392567410E+00
3.4266920233345184E+00
3.7128411644304347E+00
4.0000000000000222E+00
4.2871588355696124E+00
4.5733079766655305E+00
4.8574456607433083E+00
5.1385863972305836E+00
5.4157701733788990E+00
5.6880731133870350E+00
5.9546204875789677E+00
6.2146035876367405E+00
6.4673037551856574E+00
6.7121287928405415E+00
6.9486835343840117E+00
7.1768686360478124E+00
7.3973136522167788E+00
7.6108885278686582E+00
7.8246780846223682E+00
8.0000000000000000E+00
0.0000000000000000E+00
1.5254667315561002E-01
3.4641203164606749E-01
5.5928349485147377E-01
7.8165734205618154E-01
1.0130169825423383E+00
1.2530147834036549E+00
1.5013615952246735E+00
1.7575864068016946E+00
2.0210802070543505E+00
2.2911223904718327E+00
2.5669072516221094E+00
2.8475637187515597E+00
3.1321710431500578E+00
3.4197715489676717E+00
3.7093813965861799E+00
4.0000000000000222E+00
4.2906186034138694E+00
4.5802284510323794E+00
4.8678289568499915E+00
5.1524362812484883E+00
5.4330927483779385E+00
5.7088776095282174E+00
5.9789197929456970E+00
6.2424135931983562E+00
6.4986384047753738E+00
6.7469852165963919E+00
6.9869830174577032E+00
7.2183426579438592E+00
7.4407165051485622E+00
7.6535879683539578E+00
7.8474533268444002E+00
8.0000000000000000E+00
0.0000000000000000E+00
1.4401425972988013E-01
3.2465819872578350E-01
5.2961641283706951E-01
7.5010322151632891E-01
9.8198917444062839E-01
1.2237423867943897E+00
1.4744369741013379E+00
1.7333261073057344E+00
1.9996615898680696E+00
2.2726509589348662E+00
2.5514484858659485E+00
2.8351595279155988E+00
3.1228485729799069E+00
3.4135481122583906E+00
3.7062672787054525E+00
4.0000000000000240E+00
4.2937327212945986E+00
4.5864518877416609E+00
4.8771514270201441E+00
5.1648404720844479E+00
5.4485515141341025E+00
5.7273490410651835E+00
6.0003384101319792E+00
6.2666738926943175E+00
6.5255630258987081E+00
6.7762576132056553E+00
7.0180108255594149E+00
7.2498967784837118E+00
7.4703835871629662E+00
7.6753418012742403E+00
7.8559857402701310E+00
8.0000000000000000E+00
0.0000000000000000E+00
1.4099483684056910E-01
3.1398418198079747E-01
5.1192492933572908E-01
7.2829960450344278E-01
9.5870984892340505E-01
1.2005861804739140E+00
1.4523863594961266E+00
1.7129803495410878E+00
1.9813980611541806E+00
2.2567131032375660E+00
2.5379966411181449E+00
2.8243004137753633E+00
3.1146530127085503E+00
3.4080618860734497E+00
3.7035177622890005E+00
4.0000000000000275E+00
4.2964822377110519E+00
4.5919381139266005E+00
4.8853469872915003E+00
5.1756995862246855E+00
5.4620033588819039E+00
5.7432868967624833E+00
6.0186019388458707E+00
6.2870196504589630E+00
6.5476136405039211E+00
6.7994138195261300E+00
7.0412901510766375E+00
7.2717003954965973E+00
7.4880750706643031E+00
7.6860158180192260E+00
7.8590051631594413E+00
8.0000000000000000E+00
0.0000000000000000E+00
1.4057332389419994E-01
3.0933843511839587E-01
5.0213511905398756E-01
7.1441292774120213E-01
9.4237474981965907E-01
1.1832690885688000E+00
1.4351568486993604E+00
1.6965869532703108E+00
1.9663559290010955E+00
2.2433769498335643E+00
2.5266109781390029E+00
2.8150333352940540E+00
3.1076186089317246E+00
3.4033350429667890E+00
3.7011437039918063E+00
4.0000000000000284E+00
4.2988562960082497E+00
4.5966649570332621E+00
4.8923813910683265E+00
5.1849666647059971E+00
5.4733890218610473E+00
5.7566230501664846E+00
6.0336440709989541E+00
6.3034130467297427E+00
6.5648431513006882E+00
6.8167309114312458E+00
7.0576252501803829E+00
7.2855870722588350E+00
7.4978648809460422E+00
7.6906615648816254E+00
7.8594266761058105E+00
8.0000000000000000E+00
0.0000000000000000E+00
1.4139447467937638E-01
3.0799435594311481E-01
4.9730277288340757E-01
7.0617759944051040E-01
9.3158448881550615E-01
1.1709661550222970E+00
1.4222817499040010E+00
1.6838872853406794E+00
1.9543957628284632E+00
2.2325702356390336E+00
2.5172564282983654E+00
2.8073431131841300E+00
3.1017400987884325E+00
3.3993665613208055E+00
3.6991452621868870E+00
4.0000000000000258E+00
4.3008547378131690E+00
4.6006334386792451E+00
4.8982599012116186E+00
5.1926568868159224E+00
5.4827435717016870E+00
5.7674297643610180E+00
6.0456042371715872E+00
6.3161127146593747E+00
6.5777182500960487E+00
6.8290338449777517E+00
7.0684155111845364E+00
7.2938224005595282E+00
7.5026972271166210E+00
7.6920056440569047E+00
7.8586055253206322E+00
8.0000000000000000E+00
0.0000000000000000E+00
1.4275174658760528E-01
3.0839344176586159E-01
4.9544132430762178E-01
7.0172193626046242E-01
9.2486725899967315E-01
1.1626390255930641E+00
1.4130612820740860E+00
1.6744226312174191E+00
1.9452216958759987E+00
2.2241047347814136E+00
2.5098150018526590E+00
2.8011572495161499E+00
3.0969743839542914E+00
3.3961325873582209E+00
3.6975118814074981E+00
4.0000000000000284E+00
4.3024881185925548E+00
4.6038674126418293E+00
4.9030256160457597E+00
5.1988427504839017E+00
5.4901849981473960E+00
5.7758952652186402E+00
6.0547783041240528E+00
6.3255773687826355E+00
6.5869387179259649E+00
6.8373609744069848E+00
7.0751327410003713E+00
7.2982780637395770E+00
7.5045586756924099E+00
7.6916065582341586E+00
7.8572482534124024E+00
8.0000000000000000E+00
0.0000000000000000E+00
1.4423312058639368E-01
3.0959231175549645E-01
4.9523240262599727E-01
6.9963774454967487E-01
9.2095841939072265E-01
1.1572713670818660E+00
1.4067341190031932E+00
1.6676460138156333E+00
1.9384518265076625E+00
2.2177195368214049E+00
2.5041120369311343E+00
2.7963616068088273E+00
3.0932496546644752E+00
3.3935914136312038E+00
3.6962244781922573E+00
4.0000000000000275E+00
4.3037755218077960E+00
4.6064085863688486E+00
4.9067503453355785E+00
5.2036383931912278E+00
5.4958879630689221E+00
5.7822804631786484E+00
6.0615481734923913E+00
6.3323539861844216E+00
6.5932658809968601E+00
6.8427286329181838E+00
7.0790415806093216E+00
7.3003622554503638E+00
7.5047675973740331E+00
7.6904076882445231E+00
7.8557668794136140E+00
8.0000000000000000E+00
0.0000000000000000E+00
1.4558470429469059E-01
3.1099694999308675E-01
4.9579845945180823E-01
6.9891264427158384E-01
9.1886525614768588E-01
1.1539936467520666E+00
1.4025958550386786E+00
1.6630170928590260E+00
1.9336874954931262E+00
2.2131293575265287E+00
2.4999488620907528E+00
2.7928219038106428E+00
3.0904790067124908E+00
3.3916914414676471E+00
3.6952591034165829E+00
4.0000000000000275E+00
4.3047408965834730E+00
4.6083085585324053E+00
4.9095209932875674E+00
5.2071780961894172E+00
5.5000511379093036E+00
5.7868706424735255E+00
6.0663125045069286E+00
6.3369829071410315E+00
6.5974041449613727E+00
6.8460063532479829E+00
7.0811347438523562E+00
7.3010873557284537E+00
7.5042015405482214E+00
7.6890030500069315E+00
7.8544152957053193E+00
8.0000000000000000E+00
0.0000000000000000E+00
1.4664621754019236E-01
3.1222861164490590E-01
4.9656046944109750E-01
6.9884462213725573E-01
9.1785854681286216E-01
1.1521280518142407E+00
1.4000660944309549E+00
1.6600683773401561E+00
1.9305693297794955E+00
2.2100680723565582E+00
2.4971348232019510E+00
2.7904062387187150E+00
3.0885754638118463E+00
3.3903803009378897E+00
3.6945912350585481E+00
4.0000000000000284E+00
4.3054087649415091E+00
4.6096196990621658E+00
4.9114245361882141E+00
5.2095937612813445E+00
5.5028651767981058E+00
5.7899319276434964E+00
6.0694306702205578E+00
6.3399316226599005E+00
6.5999339055690971E+00
6.8478719481858068E+00
7.0821414531871794E+00
7.3011553778627825E+00
7.5034395305589330E+00
7.6877713883551140E+00
7.8533537824598172E+00
8.0000000000000000E+00
0.0000000000000000E+00
1.4731890358929023E-01
3.1305276598314680E-01
4.9715230010429845E-01
6.9897557273307809E-01
9.1744421429798084E-01
1.1511968369265304E+00
1.3987198429259124E+00
1.6584455537230425E+00
1.9288167431823195E+00
2.2083226727343757E+00
2.4955141641347169E+00
2.7890050521169849E+00
3.0874658341664589E+00
3.3896134987252053E+00
3.6941999159055579E+00
4.0000000000000284E+00
4.3058000840945017E+00
4.6103865012748537E+00
4.9125341658336010E+00
5.2109949478830764E+00
5.5044858358653377E+00
5.7916773272656776E+00
6.0711832568177311E+00
6.3415544462770104E+00
6.6012801570741377E+00
6.8488031630735193E+00
7.0825557857020609E+00
7.3010244272669560E+00
7.5028476998957307E+00
7.6869472340168734E+00
7.8526810964107163E+00
8.0000000000000000E+00
0.0000000000000000E+00
1.4754885215308827E-01
3.1334110834111811E-01
4.9737122290745839E-01
6.9904705841386705E-01
9.1733714213240702E-01
1.1509175388873665E+00
1.3982997600201266E+00
1.6579293070573331E+00
1.9282526746487181E+00
2.2077565299499429E+00
2.4949856262166281E+00
2.7885463414306932E+00
3.0871016078318609E+00
3.3893613643190506E+00
3.6940711180501991E+00
4.0000000000000293E+00
4.3059288819498613E+00
4.6106386356810090E+00
4.9128983921682003E+00
5.2114536585693676E+00
5.5050143737834292E+00
5.7922434700501100E+00
6.0717473253513319E+00
6.3420706929427171E+00
6.6017002399799214E+00
6.8490824611126779E+00
7.0826628578676338E+00
7.3009529415861705E+00
7.5026287770925677E+00
7.6866588916588992E+00
7.8524511478469172E+00
8.0000000000000000E+00
0.0000000000000000E+00
1.4731890358929023E-01
3.1305276598314663E-01
4.9715230010429839E-01
6.9897557273307831E-01
9.1744421429798129E-01
1.1511968369265304E+00
1.3987198429259127E+00
1.6584455537230425E+00
1.9288167431823202E+00
2.2083226727343779E+00
2.4955141641347200E+00
2.7890050521169862E+00
3.0874658341664629E+00
3.3896134987252067E+00
3.6941999159055605E+00
4.0000000000000311E+00
4.3058000840945034E+00
4.6103865012748546E+00
4.9125341658336001E+00
5.2109949478830764E+00
5.5044858358653395E+00
5.7916773272656759E+00
6.0711832568177302E+00
6.3415544462770059E+00
6.6012801570741324E+00
6.8488031630735140E+00
7.0825557857020600E+00
7.3010244272669587E+00
7.5028476998957299E+00
7.6869472340168699E+00
7.8526810964107163E+00
8.0000000000000000E+00
0.0000000000000000E+00
1.4664621754019233E-01
3.1222861164490573E-01
4.9656046944109739E-01
6.9884462213725584E-01
9.1785854681286250E-01
1.1521280518142414E+00
1.4000660944309551E+00
1.6600683773401559E+00
1.9305693297794972E+00
2.2100680723565613E+00
2.4971348232019550E+00
2.7904062387187203E+00
3.0885754638118530E+00
3.3903803009378946E+00
3.6945912350585548E+00
4.0000000000000329E+00
4.3054087649415136E+00
4.6096196990621685E+00
4.9114245361882141E+00
5.2095937612813445E+00
5.5028651767981058E+00
5.7899319276434946E+00
6.0694306702205534E+00
6.3399316226598890E+00
6.5999339055690909E+00
6.8478719481858024E+00
7.0821414531871794E+00
7.3011553778627807E+00
7.5034395305589321E+00
7.6877713883551113E+00
7.8533537824598145E+00
8.0000000000000000E+00
0.0000000000000000E+00
1.4558470429469048E-01
3.1099694999308658E-01
4.9579845945180795E-01
6.9891264427158395E-01
9.1886525614768599E-01
1.1539936467520675E+00
1.4025958550386792E+00
1.6630170928590267E+00
1.9336874954931278E+00
2.2131293575265332E+00
2.4999488620907577E+00
2.7928219038106490E+00
3.0904790067124988E+00
3.3916914414676573E+00
3.6952591034165909E+00
4.0000000000000355E+00
4.3047408965834801E+00
4.6083085585324106E+00
4.9095209932875710E+00
5.2071780961894172E+00
5.5000511379093053E+00
5.7868706424735237E+00
6.0663125045069215E+00
6.3369829071410182E+00
6.5974041449613638E+00
6.8460063532479767E+00
7.0811347438523544E+00
7.3010873557284519E+00
7.5042015405482214E+00
7.6890030500069306E+00
7.8544152957053184E+00
8.0000000000000000E+00
0.0000000000000000E+00
1.4423312058639362E-01
3.0959231175549623E-01
4.9523240262599694E-01
6.9963774454967453E-01
9.2095841939072232E-01
1.1572713670818662E+00
1.4067341190031941E+00
1.6676460138156342E+00
1.9384518265076653E+00
2.2177195368214093E+00
2.5041120369311387E+00
2.7963616068088344E+00
3.0932496546644845E+00
3.3935914136312171E+00
3.6962244781922671E+00
4.0000000000000373E+00
4.3037755218078066E+00
4.6064085863688575E+00
4.9067503453355856E+00
5.2036383931912340E+00
5.4958879630689248E+00
5.7822804631786511E+00
6.0615481734923868E+00
6.3323539861844145E+00
6.5932658809968530E+00
6.8427286329181767E+00
7.0790415806093190E+00
7.3003622554503593E+00
7.5047675973740322E+00
7.6904076882445223E+00
7.8557668794136148E+00
8.0000000000000000E+00
0.0000000000000000E+00
1.4275174658760528E-01
3.0839344176586148E-01
4.9544132430762122E-01
7.0172193626046198E-01
9.2486725899967259E-01
1.1626390255930643E+00
1.4130612820740871E+00
1.6744226312174204E+00
1.9452216958760020E+00
2.2241047347814180E+00
2.5098150018526644E+00
2.8011572495161592E+00
3.0969743839543025E+00
3.3961325873582355E+00
3.6975118814075096E+00
4.0000000000000391E+00
4.3024881185925663E+00
4.6038674126418426E+00
4.9030256160457704E+00
5.1988427504839096E+00
5.4901849981474014E+00
5.7758952652186419E+00
6.0547783041240519E+00
6.3255773687826302E+00
6.5869387179259586E+00
6.8373609744069803E+00
7.0751327410003668E+00
7.2982780637395743E+00
7.5045586756924072E+00
7.6916065582341595E+00
7.8572482534124024E+00
8.0000000000000000E+00
0.0000000000000000E+00
1.4139447467937644E-01
3.0799435594311469E-01
4.9730277288340724E-01
7.0617759944051017E-01
9.3158448881550560E-01
1.1709661550222970E+00
1.4222817499040026E+00
1.6838872853406825E+00
1.9543957628284667E+00
2.2325702356390376E+00
2.5172564282983716E+00
2.8073431131841398E+00
3.1017400987884458E+00
3.3993665613208210E+00
3.6991452621868990E+00
4.0000000000000382E+00
4.3008547378131787E+00
4.6006334386792567E+00
4.8982599012116275E+00
5.1926568868159295E+00
5.4827435717016941E+00
5.7674297643610197E+00
6.0456042371715881E+00
6.3161127146593694E+00
6.5777182500960443E+00
6.8290338449777499E+00
7.0684155111845346E+00
7.2938224005595300E+00
7.5026972271166237E+00
7.6920056440569091E+00
7.8586055253206313E+00
8.0000000000000000E+00
0.0000000000000000E+00
1.4057332389419996E-01
3.0933843511839576E-01
5.0213511905398711E-01
7.1441292774120213E-01
9.4237474981965819E-01
1.1832690885688004E+00
1.4351568486993618E+00
1.6965869532703137E+00
1.9663559290010988E+00
2.2433769498335687E+00
2.5266109781390096E+00
2.8150333352940642E+00
3.1076186089317384E+00
3.4033350429668046E+00
3.7011437039918178E+00
4.0000000000000391E+00
4.2988562960082604E+00
4.5966649570332736E+00
4.8923813910683354E+00
5.1849666647060078E+00
5.4733890218610579E+00
5.7566230501664899E+00
6.0336440709989541E+00
6.3034130467297400E+00
6.5648431513006864E+00
6.8167309114312475E+00
7.0576252501803838E+00
7.2855870722588358E+00
7.4978648809460422E+00
7.6906615648816246E+00
7.8594266761058105E+00
8.0000000000000000E+00
0.0000000000000000E+00
1.4099483684056913E-01
3.1398418198079736E-01
5.1192492933572875E-01
7.2829960450344211E-01
9.5870984892340438E-01
1.2005861804739135E+00
1.4523863594961273E+00
1.7129803495410896E+00
1.9813980611541837E+00
2.2567131032375696E+00
2.5379966411181516E+00
2.8243004137753731E+00
3.1146530127085654E+00
3.4080618860734631E+00
3.7035177622890161E+00
4.0000000000000400E+00
4.2964822377110643E+00
4.5919381139266102E+00
4.8853469872915110E+00
5.1756995862246971E+00
5.4620033588819155E+00
5.7432868967624895E+00
6.0186019388458689E+00
6.2870196504589639E+00
6.5476136405039247E+00
6.7994138195261344E+00
7.0412901510766392E+00
7.2717003954965964E+00
7.4880750706643022E+00
7.6860158180192206E+00
7.8590051631594413E+00
8.0000000000000000E+00
0.0000000000000000E+00
1.4401425972988019E-01
3.2465819872578339E-01
5.2961641283706906E-01
7.5010322151632780E-01
9.8198917444062694E-01
1.2237423867943886E+00
1.4744369741013377E+00
1.7333261073057342E+00
1.9996615898680719E+00
2.2726509589348702E+00
2.5514484858659543E+00
2.8351595279156090E+00
3.1228485729799185E+00
3.4135481122584022E+00
3.7062672787054689E+00
4.0000000000000400E+00
4.2937327212946101E+00
4.5864518877416733E+00
4.8771514270201566E+00
5.1648404720844612E+00
5.4485515141341132E+00
5.7273490410651915E+00
6.0003384101319845E+00
6.2666738926943211E+00
6.5255630258987152E+00
6.7762576132056616E+00
7.0180108255594194E+00
7.2498967784837109E+00
7.4703835871629600E+00
7.6753418012742349E+00
7.8559857402701310E+00
8.0000000000000000E+00
0.0000000000000000E+00
1.5254667315561007E-01
3.4641203164606738E-01
5.5928349485147322E-01
7.8165734205618032E-01
1.0130169825423363E+00
1.2530147834036540E+00
1.5013615952246722E+00
1.7575864068016946E+00
2.0210802070543510E+00
2.2911223904718363E+00
2.5669072516221165E+00
2.8475637187515703E+00
3.1321710431500698E+00
3.4197715489676854E+00
3.7093813965861964E+00
4.0000000000000400E+00
4.2906186034138818E+00
4.5802284510323901E+00
4.8678289568500031E+00
5.1524362812484998E+00
5.4330927483779510E+00
5.7088776095282272E+00
5.9789197929457041E+00
6.2424135931983615E+00
6.4986384047753791E+00
6.7469852165963990E+00
6.9869830174577112E+00
7.2183426579438592E+00
7.4407165051485586E+00
7.6535879683539507E+00
7.8474533268443984E+00
8.0000000000000000E+00
0.0000000000000000E+00
1.7532191537764186E-01
3.8911147213136660E-01
6.0268634778325703E-01
8.2313136395222553E-01
1.0513164656160301E+00
1.2878712071595035E+00
1.5326962448143884E+00
1.7853964123633106E+00
2.0453795124210834E+00
2.3119268866130156E+00
2.5842298266211565E+00
2.8614136027694732E+00
3.1425543392567548E+00
3.4266920233345330E+00
3.7128411644304506E+00
4.0000000000000382E+00
4.2871588355696266E+00
4.5733079766655420E+00
4.8574456607433181E+00
5.1385863972305961E+00
5.4157701733789132E+00
5.6880731133870484E+00
5.9546204875789721E+00
6.2146035876367440E+00
6.4673037551856636E+00
6.7121287928405486E+00
6.9486835343840205E+00
7.1768686360478178E+00
7.3973136522167726E+00
7.6108885278686502E+00
7.8246780846223665E+00
8.0000000000000000E+00
0.0000000000000000E+00
2.4612155454625367E-01
4.4816307065619299E-01
6.5696728546224425E-01
8.7171095265150045E-01
1.0949871546836312E+00
1.3269914038306456E+00
1.5675399421859055E+00
1.8161391584742144E+00
2.0721382808022040E+00
2.3347783277909255E+00
2.6032238409390716E+00
2.8765821690261175E+00
3.1539175095274370E+00
3.4342619240594008E+00
3.7166245970303837E+00
4.0000000000000373E+00
4.2833754029696927E+00
4.5657380759406729E+00
4.8460824904726358E+00
5.1234178309739526E+00
5.3967761590609973E+00
5.6652216722091397E+00
5.9278617191978533E+00
6.1838608415258420E+00
6.4324600578141471E+00
6.6730085961694074E+00
6.9050128453164215E+00
7.1282890473485425E+00
7.3430327145377881E+00
7.5518369293438248E+00
7.7538784454537559E+00
8.0000000000000000E+00
