0.0000000000000000E+00
3.3473456411048058E-01
5.8016817387287600E-01
7.8571251233521044E-01
9.6649188819311060E-01
1.1275998557069120E+00
1.2716752426230078E+00
1.4001957939700798E+00
1.5140692099465025E+00
1.6138670240086976E+00
1.6999541747102045E+00
1.7725634414165312E+00
1.8318419323160573E+00
1.8778809923737942E+00
1.9107357793394040E+00
1.9304379824799593E+00
1.9370037429601128E+00
1.9304379824799598E+00
1.9107357793394029E+00
1.8778809923737916E+00
1.8318419323160531E+00
1.7725634414165250E+00
1.6999541747101978E+00
1.6138670240086908E+00
1.5140692099464936E+00
1.4001957939700704E+00
1.2716752426229976E+00
1.1275998557069002E+00
9.6649188819309828E-01
7.8571251233519679E-01
5.8016817387286146E-01
3.3473456411046965E-01
0.0000000000000000E+00
0.0000000000000000E+00
2.0153589796357754E-01
4.1349243144977715E-01
6.0199904295037188E-01
7.6956120136244055E-01
9.1915773831792291E-01
1.0528763667827077E+00
1.1720441613011601E+00
1.2775179152968896E+00
1.3698593734481084E+00
1.4494404691031495E+00
1.5165080958778414E+00
1.5712254777394157E+00
1.6136992970351156E+00
1.6439976860603045E+00
1.6621620551524363E+00
1.6682145315283072E+00
1.6621620551524359E+00
1.6439976860603023E+00
1.6136992970351114E+00
1.5712254777394108E+00
1.5165080958778370E+00
1.4494404691031426E+00
1.3698593734481010E+00
1.2775179152968816E+00
1.1720441613011516E+00
1.0528763667826986E+00
9.1915773831791403E-01
7.6956120136243222E-01
6.0199904295036299E-01
4.1349243144976994E-01
2.0153589796357352E-01
0.0000000000000000E+00
0.0000000000000000E+00
1.5415136609342125E-01
3.1212923011200333E-01
4.6868865636615592E-01
6.1435765900725425E-01
7.4735641769651040E-01
8.6759246764515319E-01
9.7541244308620445E-01
1.0711834363690520E+00
1.1552070662980609E+00
1.2277106789067638E+00
1.2888590478236968E+00
1.3387685878269280E+00
1.3775196333434752E+00
1.4051659001970682E+00
1.4217412960023286E+00
1.4272644508210801E+00
1.4217412960023275E+00
1.4051659001970660E+00
1.3775196333434712E+00
1.3387685878269235E+00
1.2888590478236903E+00
1.2277106789067576E+00
1.1552070662980554E+00
1.0711834363690445E+00
9.7541244308619657E-01
8.6759246764514575E-01
7.4735641769650440E-01
6.1435765900724848E-01
4.6868865636615048E-01
3.1212923011199945E-01
1.5415136609341934E-01
0.0000000000000000E+00
0.0000000000000000E+00
1.2247470149444260E-01
2.4729023202029274E-01
3.7236919573311894E-01
4.9366516863088550E-01
6.0751159128823784E-01
7.1229626464178075E-01
8.0734107863978555E-01
8.9239685596295082E-01
9.6739077929060946E-01
1.0323198035682386E+00
1.0872048268954506E+00
1.1320717188003357E+00
1.1669438790705549E+00
1.1918397289632405E+00
1.2067721915294878E+00
1.2117488483927297E+00
1.2067721915294853E+00
1.1918397289632381E+00
1.1669438790705515E+00
1.1320717188003315E+00
1.0872048268954453E+00
1.0323198035682333E+00
9.6739077929060391E-01
8.9239685596294516E-01
8.0734107863978022E-01
7.1229626464177576E-01
6.0751159128823218E-01
4.9366516863088067E-01
3.7236919573311539E-01
2.4729023202029071E-01
1.2247470149444116E-01
0.0000000000000000E+00
0.0000000000000000E+00
9.9272069688134831E-02
1.9923389978843070E-01
2.9972426628129173E-01
3.9864134890530939E-01
4.9352805424214002E-01
5.8242869704890254E-01
6.6414748922852540E-01
7.3798453128911645E-01
8.0353739489965448E-01
8.6057340219699852E-01
9.0895692044076104E-01
9.4860833470755546E-01
9.7948085862584333E-01
1.0015472591157482E+00
1.0147922114134129E+00
1.0192079797707996E+00
1.0147922114134109E+00
1.0015472591157455E+00
9.7948085862584089E-01
9.4860833470755201E-01
9.0895692044075604E-01
8.6057340219699396E-01
8.0353739489965070E-01
7.3798453128911201E-01
6.6414748922852018E-01
5.8242869704889699E-01
4.9352805424213508E-01
3.9864134890530517E-01
2.9972426628128862E-01
1.9923389978842884E-01
9.9272069688134151E-02
0.0000000000000000E+00
0.0000000000000000E+00
8.0711149071392693E-02
1.6123922219210643E-01
2.4192290225074961E-01
3.2185743704743730E-01
3.9948318215304207E-01
4.7324196491706777E-01
5.4188461508318764E-01
6.0452702988633644E-01
6.6057022986597846E-01
7.0961614287527119E-01
7.5140203184336118E-01
7.8575530005297889E-01
8.1256348452174409E-01
8.3175468659151242E-01
8.4328502787985193E-01
8.4713094644180487E-01
8.4328502787985216E-01
8.3175468659151208E-01
8.1256348452174298E-01
7.8575530005297689E-01
7.5140203184335763E-01
7.0961614287526720E-01
6.6057022986597491E-01
6.0452702988633322E-01
5.4188461508318431E-01
4.7324196491706477E-01
3.9948318215303891E-01
3.2185743704743486E-01
2.4192290225074745E-01
1.6123922219210490E-01
8.0711149071391666E-02
0.0000000000000000E+00
0.0000000000000000E+00
6.5190985239998417E-02
1.2973564841950275E-01
1.9412320373153119E-01
2.5800815872002653E-01
3.2047674961111139E-01
3.8040608640791396E-01
4.3674039473006371E-01
4.8861409503363490E-01
5.3537128169663573E-01
5.7653521348781156E-01
6.1176811811458032E-01
6.4083510704923419E-01
6.6357594370342987E-01
6.7988435976668837E-01
6.8969364708692604E-01
6.9296727953848980E-01
6.8969364708692538E-01
6.7988435976668848E-01
6.6357594370342954E-01
6.4083510704923341E-01
6.1176811811457765E-01
5.7653521348780823E-01
5.3537128169663295E-01
4.8861409503363185E-01
4.3674039473006177E-01
3.8040608640791201E-01
3.2047674961110961E-01
2.5800815872002436E-01
1.9412320373152900E-01
1.2973564841950078E-01
6.5190985239997681E-02
0.0000000000000000E+00
0.0000000000000000E+00
5.1775392550425944E-02
1.0272247728895706E-01
1.5332063836224438E-01
2.0349531479215596E-01
2.5272755347181663E-01
3.0025633728803286E-01
3.4526873233847943E-01
3.8702472374619490E-01
4.2491156802494284E-01
4.5845165801940141E-01
4.8728740464377107E-01
5.1115916106353620E-01
5.2988372438076425E-01
5.4333639853708449E-01
5.5143738885906157E-01
5.5414243854567447E-01
5.5143738885906268E-01
5.4333639853708571E-01
5.2988372438076414E-01
5.1115916106353432E-01
4.8728740464376868E-01
4.5845165801939863E-01
4.2491156802494034E-01
3.8702472374619257E-01
3.4526873233847721E-01
3.0025633728803031E-01
2.5272755347181503E-01
2.0349531479215466E-01
1.5332063836224252E-01
1.0272247728895578E-01
5.1775392550425389E-02
0.0000000000000000E+00
0.0000000000000000E+00
3.9867737183300410E-02
7.8906789378977771E-02
1.1752741173282133E-01
1.5577082211765156E-01
1.9335379188281657E-01
2.2977901442159890E-01
2.6445890264534760E-01
2.9681355062786952E-01
3.2632942866203174E-01
3.5258343171615475E-01
3.7524445122706895E-01
3.9406354119328491E-01
4.0886023072420818E-01
4.1950912648578087E-01
4.2592877377023614E-01
4.2807354592881985E-01
4.2592877377023641E-01
4.1950912648578115E-01
4.0886023072420763E-01
3.9406354119328219E-01
3.7524445122706496E-01
3.5258343171615147E-01
3.2632942866202935E-01
2.9681355062786663E-01
2.6445890264534505E-01
2.2977901442159687E-01
1.9335379188281504E-01
1.5577082211765064E-01
1.1752741173282055E-01
7.8906789378977341E-02
3.9867737183300125E-02
0.0000000000000000E+00
0.0000000000000000E+00
2.9041695942998155E-02
5.7374551750693156E-02
8.5315220027571956E-02
1.1294019247944147E-01
1.4010204802596674E-01
1.6648922013250175E-01
1.9170213789816720E-01
2.1532183852064599E-01
2.3695818754620457E-01
2.5627602718148401E-01
2.7300395898176932E-01
2.8693230193252345E-01
2.9790578517058014E-01
3.0581476764595034E-01
3.1058718800068580E-01
3.1218237054751702E-01
3.1058718800068563E-01
3.0581476764594956E-01
2.9790578517057831E-01
2.8693230193252006E-01
2.7300395898176516E-01
2.5627602718148013E-01
2.3695818754620127E-01
2.1532183852064318E-01
1.9170213789816484E-01
1.6648922013250003E-01
1.4010204802596607E-01
1.1294019247944147E-01
8.5315220027571428E-02
5.7374551750692469E-02
2.9041695942997547E-02
0.0000000000000000E+00
0.0000000000000000E+00
1.8966880697773851E-02
3.7422598579217044E-02
5.5580839545180463E-02
7.3510425368166113E-02
9.1140240988009644E-02
1.0829004536469430E-01
1.2471384074135924E-01
1.4014235621879845E-01
1.5431592907465447E-01
1.6700485818801389E-01
1.7801858587787794E-01
1.8720698314290576E-01
1.9445715621941931E-01
1.9968844798365840E-01
2.0284739466895280E-01
2.0390365038433006E-01
2.0284739466895191E-01
1.9968844798365645E-01
1.9445715621941578E-01
1.8720698314290185E-01
1.7801858587787331E-01
1.6700485818800895E-01
1.5431592907465042E-01
1.4014235621879512E-01
1.2471384074135726E-01
1.0829004536469315E-01
9.1140240988008978E-02
7.3510425368165572E-02
5.5580839545180671E-02
3.7422598579216412E-02
1.8966880697773549E-02
0.0000000000000000E+00
0.0000000000000000E+00
9.3679133200463109E-03
1.8469212095276768E-02
2.7411241700075067E-02
3.6233103258680559E-02
4.4906687356889852E-02
5.3349732508364230E-02
6.1445413995112996E-02
6.9062502908715642E-02
7.6071803761169676E-02
8.2357030102471543E-02
8.7820309312089423E-02
9.2383622112654329E-02
9.5987751109379529E-02
9.8590086081173131E-02
1.0016223654826080E-01
1.0068803377410940E-01
1.0016223654825997E-01
9.8590086081171133E-02
9.5987751109376490E-02
9.2383622112650207E-02
8.7820309312084427E-02
8.2357030102466561E-02
7.6071803761164888E-02
6.9062502908712423E-02
6.1445413995110998E-02
5.3349732508363591E-02
4.4906687356889519E-02
3.6233103258680337E-02
2.7411241700075074E-02
1.8469212095276809E-02
9.3679133200465711E-03
0.0000000000000000E+00
0.0000000000000000E+00
4.9953219451097827E-16
1.0232427765581436E-15
1.5738052043207737E-15
2.0524492814898642E-15
2.4233618381307429E-15
2.8730386582784445E-15
3.1871648886829464E-15
3.6174342285832801E-15
3.8215528044239787E-15
3.9477939509840727E-15
3.4916710882386424E-15
3.2605575335041295E-15
2.7913068292605425E-15
2.1292174571539251E-15
1.8168869906823165E-15
1.0305573048963488E-15
1.2434003148524235E-16
-1.5922300632675972E-16
-4.0347071441129662E-16
-4.7374522084904826E-16
-1.4616297578673387E-15
-1.6125231915249309E-15
-7.2066467228181281E-16
6.4742626994916016E-17
2.0980372813271798E-15
3.2984138467494450E-15
3.7251258412313423E-15
2.7246488278293416E-15
1.0861817771178893E-15
9.2480123161059891E-16
9.7888122664821128E-16
0.0000000000000000E+00
0.0000000000000000E+00
-9.3679133200452961E-03
-1.8469212095274728E-02
-2.7411241700072007E-02
-3.6233103258676555E-02
-4.4906687356884939E-02
-5.3349732508358581E-02
-6.1445413995106814E-02
-6.9062502908708814E-02
-7.6071803761162363E-02
-8.2357030102463910E-02
-8.7820309312082151E-02
-9.2383622112647529E-02
-9.5987751109374020E-02
-9.8590086081168732E-02
-1.0016223654825754E-01
-1.0068803377410686E-01
-1.0016223654825884E-01
-9.8590086081171341E-02
-9.5987751109377351E-02
-9.2383622112651595E-02
-8.7820309312086953E-02
-8.2357030102468906E-02
-7.6071803761167123E-02
-6.9062502908711035E-02
-6.1445413995107445E-02
-5.3349732508357672E-02
-4.4906687356883100E-02
-3.6233103258674307E-02
-2.7411241700070380E-02
-1.8469212095274645E-02
-9.3679133200450099E-03
0.0000000000000000E+00
0.0000000000000000E+00
-1.8966880697772848E-02
-3.7422598579215045E-02
-5.5580839545177459E-02
-7.3510425368162144E-02
-9.1140240988004759E-02
-1.0829004536468853E-01
-1.2471384074135303E-01
-1.4014235621879173E-01
-1.5431592907464767E-01
-1.6700485818800678E-01
-1.7801858587787067E-01
-1.8720698314289883E-01
-1.9445715621941262E-01
-1.9968844798365262E-01
-2.0284739466894822E-01
-2.0390365038432709E-01
-2.0284739466894997E-01
-1.9968844798365493E-01
-1.9445715621941614E-01
-1.8720698314290260E-01
-1.7801858587787495E-01
-1.6700485818801142E-01
-1.5431592907465100E-01
-1.4014235621879378E-01
-1.2471384074135271E-01
-1.0829004536468750E-01
-9.1140240988002857E-02
-7.3510425368159438E-02
-5.5580839545175224E-02
-3.7422598579213852E-02
-1.8966880697772266E-02
0.0000000000000000E+00
0.0000000000000000E+00
-2.9041695942997204E-02
-5.7374551750691206E-02
-8.5315220027569014E-02
-1.1294019247943757E-01
-1.4010204802596180E-01
-1.6648922013249581E-01
-1.9170213789816068E-01
-2.1532183852063932E-01
-2.3695818754619799E-01
-2.5627602718147685E-01
-2.7300395898176189E-01
-2.8693230193251579E-01
-2.9790578517057265E-01
-3.0581476764594412E-01
-3.1058718800068075E-01
-3.1218237054751230E-01
-3.1058718800068191E-01
-3.0581476764594684E-01
-2.9790578517057681E-01
-2.8693230193251995E-01
-2.7300395898176566E-01
-2.5627602718147929E-01
-2.3695818754619988E-01
-2.1532183852064057E-01
-1.9170213789816126E-01
-1.6648922013249515E-01
-1.4010204802595977E-01
-1.1294019247943454E-01
-8.5315220027566044E-02
-5.7374551750689354E-02
-2.9041695942996527E-02
0.0000000000000000E+00
0.0000000000000000E+00
-3.9867737183299487E-02
-7.8906789378975911E-02
-1.1752741173281854E-01
-1.5577082211764776E-01
-1.9335379188281179E-01
-2.2977901442159313E-01
-2.6445890264534139E-01
-2.9681355062786302E-01
-3.2632942866202513E-01
-3.5258343171614792E-01
-3.7524445122706146E-01
-3.9406354119327769E-01
-4.0886023072420113E-01
-4.1950912648577438E-01
-4.2592877377023008E-01
-4.2807354592881414E-01
-4.2592877377023153E-01
-4.1950912648577710E-01
-4.0886023072420441E-01
-3.9406354119328002E-01
-3.7524445122706351E-01
-3.5258343171614920E-01
-3.2632942866202547E-01
-2.9681355062786335E-01
-2.6445890264534155E-01
-2.2977901442159221E-01
-1.9335379188280988E-01
-1.5577082211764556E-01
-1.1752741173281643E-01
-7.8906789378974995E-02
-3.9867737183298967E-02
0.0000000000000000E+00
0.0000000000000000E+00
-5.1775392550425008E-02
-1.0272247728895527E-01
-1.5332063836224172E-01
-2.0349531479215244E-01
-2.5272755347181208E-01
-3.0025633728802748E-01
-3.4526873233847372E-01
-3.8702472374618874E-01
-4.2491156802493685E-01
-4.5845165801939430E-01
-4.8728740464376341E-01
-5.1115916106352821E-01
-5.2988372438075793E-01
-5.4333639853707905E-01
-5.5143738885905680E-01
-5.5414243854566969E-01
-5.5143738885905758E-01
-5.4333639853708038E-01
-5.2988372438075981E-01
-5.1115916106353010E-01
-4.8728740464376491E-01
-4.5845165801939453E-01
-4.2491156802493585E-01
-3.8702472374618779E-01
-3.4526873233847194E-01
-3.0025633728802509E-01
-2.5272755347180909E-01
-2.0349531479214969E-01
-1.5332063836224008E-01
-1.0272247728895451E-01
-5.1775392550424307E-02
0.0000000000000000E+00
0.0000000000000000E+00
-6.5190985239997529E-02
-1.2973564841950094E-01
-1.9412320373152855E-01
-2.5800815872002325E-01
-3.2047674961110745E-01
-3.8040608640790902E-01
-4.3674039473005821E-01
-4.8861409503362924E-01
-5.3537128169662962E-01
-5.7653521348780445E-01
-6.1176811811457243E-01
-6.4083510704922630E-01
-6.6357594370342243E-01
-6.7988435976668093E-01
-6.8969364708691849E-01
-6.9296727953848303E-01
-6.8969364708691927E-01
-6.7988435976668182E-01
-6.6357594370342310E-01
-6.4083510704922642E-01
-6.1176811811457266E-01
-5.7653521348780357E-01
-5.3537128169662695E-01
-4.8861409503362574E-01
-4.3674039473005433E-01
-3.8040608640790602E-01
-3.2047674961110451E-01
-2.5800815872002059E-01
-1.9412320373152669E-01
-1.2973564841949980E-01
-6.5190985239996460E-02
0.0000000000000000E+00
0.0000000000000000E+00
-8.0711149071391861E-02
-1.6123922219210479E-01
-2.4192290225074731E-01
-3.2185743704743425E-01
-3.9948318215303824E-01
-4.7324196491706344E-01
-5.4188461508318275E-01
-6.0452702988633067E-01
-6.6057022986597214E-01
-7.0961614287526387E-01
-7.5140203184335308E-01
-7.8575530005297067E-01
-8.1256348452173555E-01
-8.3175468659150364E-01
-8.4328502787984339E-01
-8.4713094644179632E-01
-8.4328502787984405E-01
-8.3175468659150420E-01
-8.1256348452173455E-01
-7.8575530005296934E-01
-7.5140203184335086E-01
-7.0961614287526042E-01
-6.6057022986596770E-01
-6.0452702988632601E-01
-5.4188461508317820E-01
-4.7324196491705917E-01
-3.9948318215303458E-01
-3.2185743704743108E-01
-2.4192290225074492E-01
-1.6123922219210321E-01
-8.0711149071390667E-02
0.0000000000000000E+00
0.0000000000000000E+00
-9.9272069688134040E-02
-1.9923389978842909E-01
-2.9972426628128940E-01
-3.9864134890530628E-01
-4.9352805424213614E-01
-5.8242869704889799E-01
-6.6414748922852052E-01
-7.3798453128911079E-01
-8.0353739489964804E-01
-8.6057340219699119E-01
-9.0895692044075249E-01
-9.4860833470754680E-01
-9.7948085862583434E-01
-1.0015472591157382E+00
-1.0147922114134025E+00
-1.0192079797707905E+00
-1.0147922114134023E+00
-1.0015472591157366E+00
-9.7948085862583212E-01
-9.4860833470754369E-01
-9.0895692044074827E-01
-8.6057340219698608E-01
-8.0353739489964227E-01
-7.3798453128910479E-01
-6.6414748922851441E-01
-5.8242869704889200E-01
-4.9352805424213059E-01
-3.9864134890530201E-01
-2.9972426628128646E-01
-1.9923389978842740E-01
-9.9272069688132805E-02
0.0000000000000000E+00
0.0000000000000000E+00
-1.2247470149444173E-01
-2.4729023202029105E-01
-3.7236919573311639E-01
-4.9366516863088206E-01
-6.0751159128823373E-01
-7.1229626464177609E-01
-8.0734107863978033E-01
-8.9239685596294493E-01
-9.6739077929060313E-01
-1.0323198035682315E+00
-1.0872048268954431E+00
-1.1320717188003271E+00
-1.1669438790705455E+00
-1.1918397289632312E+00
-1.2067721915294773E+00
-1.2117488483927195E+00
-1.2067721915294758E+00
-1.1918397289632279E+00
-1.1669438790705413E+00
-1.1320717188003209E+00
-1.0872048268954360E+00
-1.0323198035682228E+00
-9.6739077929059503E-01
-8.9239685596293727E-01
-8.0734107863977145E-01
-7.1229626464176732E-01
-6.0751159128822640E-01
-4.9366516863087595E-01
-3.7236919573311172E-01
-2.4729023202028816E-01
-1.2247470149443981E-01
0.0000000000000000E+00
0.0000000000000000E+00
-1.5415136609342023E-01
-3.1212923011200122E-01
-4.6868865636615287E-01
-6.1435765900725037E-01
-7.4735641769650552E-01
-8.6759246764514730E-01
-9.7541244308619790E-01
-1.0711834363690451E+00
-1.1552070662980547E+00
-1.2277106789067564E+00
-1.2888590478236881E+00
-1.3387685878269191E+00
-1.3775196333434649E+00
-1.4051659001970578E+00
-1.4217412960023172E+00
-1.4272644508210679E+00
-1.4217412960023157E+00
-1.4051659001970547E+00
-1.3775196333434594E+00
-1.3387685878269113E+00
-1.2888590478236783E+00
-1.2277106789067462E+00
-1.1552070662980440E+00
-1.0711834363690338E+00
-9.7541244308618613E-01
-8.6759246764513531E-01
-7.4735641769649408E-01
-6.1435765900724082E-01
-4.6868865636614604E-01
-3.1212923011199628E-01
-1.5415136609341706E-01
0.0000000000000000E+00
0.0000000000000000E+00
-2.0153589796357624E-01
-4.1349243144977449E-01
-6.0199904295036788E-01
-7.6956120136243555E-01
-9.1915773831791736E-01
-1.0528763667827015E+00
-1.1720441613011532E+00
-1.2775179152968827E+00
-1.3698593734481019E+00
-1.4494404691031428E+00
-1.5165080958778350E+00
-1.5712254777394077E+00
-1.6136992970351065E+00
-1.6439976860602949E+00
-1.6621620551524257E+00
-1.6682145315282944E+00
-1.6621620551524221E+00
-1.6439976860602887E+00
-1.6136992970350978E+00
-1.5712254777393968E+00
-1.5165080958778221E+00
-1.4494404691031291E+00
-1.3698593734480875E+00
-1.2775179152968681E+00
-1.1720441613011379E+00
-1.0528763667826855E+00
-9.1915773831790137E-01
-7.6956120136242179E-01
-6.0199904295035545E-01
-4.1349243144976489E-01
-2.0153589796357077E-01
0.0000000000000000E+00
0.0000000000000000E+00
-3.3473456411047908E-01
-5.8016817387287312E-01
-7.8571251233520623E-01
-9.6649188819310494E-01
-1.1275998557069062E+00
-1.2716752426230020E+00
-1.4001957939700738E+00
-1.5140692099464961E+00
-1.6138670240086921E+00
-1.6999541747101994E+00
-1.7725634414165263E+00
-1.8318419323160513E+00
-1.8778809923737869E+00
-1.9107357793393935E+00
-1.9304379824799485E+00
-1.9370037429600999E+00
-1.9304379824799445E+00
-1.9107357793393867E+00
-1.8778809923737765E+00
-1.8318419323160384E+00
-1.7725634414165099E+00
-1.6999541747101790E+00
-1.6138670240086728E+00
-1.5140692099464783E+00
-1.4001957939700558E+00
-1.2716752426229834E+00
-1.1275998557068858E+00
-9.6649188819308240E-01
-7.8571251233518402E-01
-5.8016817387285569E-01
-3.3473456411046815E-01
0.0000000000000000E+00
