0.0000000000000000E+00
5.1879529113871026E-01
9.4128974663734444E-01
1.3982784890433579E+00
1.8797688958597119E+00
2.3862141656749651E+00
2.9125368730037673E+00
3.4527284039703088E+00
4.0000000000002318E+00
4.5472715960301544E+00
5.0874631269966732E+00
5.6137858343254390E+00
6.1202311041406281E+00
6.6017215109569269E+00
7.0587102533628592E+00
7.4812047088613980E+00
8.0000000000000000E+00
0.0000000000000000E+00
3.6573542310269602E-01
8.2706606410812111E-01
1.3027686101059550E+00
1.8050324368777320E+00
2.3306810487138674E+00
2.8757486815591755E+00
3.4343899808008058E+00
4.0000000000002345E+00
4.5656100191996662E+00
5.1242513184412743E+00
5.6693189512865363E+00
6.1949675631226153E+00
6.6972313898943261E+00
7.1729339358920736E+00
7.6342645768973929E+00
8.0000000000000000E+00
0.0000000000000000E+00
3.2341901163193293E-01
7.5110612821451628E-01
1.2330741107275587E+00
1.7465326380360298E+00
2.2861258731125731E+00
2.8458324312403365E+00
3.4193923812261282E+00
4.0000000000002416E+00
4.5806076187743452E+00
5.1541675687601094E+00
5.7138741268878288E+00
6.2534673619643106E+00
6.7669258892727173E+00
7.2488938717856666E+00
7.6765809883681611E+00
8.0000000000000000E+00
0.0000000000000000E+00
3.1343124392227184E-01
7.1962794600693913E-01
1.1912851818655310E+00
1.7070701260401600E+00
2.2539835516596196E+00
2.8235407316354020E+00
3.4080374367829411E+00
4.0000000000002434E+00
4.5919625632175372E+00
5.1764592683650408E+00
5.7460164483407778E+00
6.2929298739601753E+00
6.8087148181347317E+00
7.2803720539932462E+00
7.6865687560778175E+00
8.0000000000000000E+00
0.0000000000000000E+00
3.1333579157236913E-01
7.0870106132771071E-01
1.1711904860144220E+00
1.6841185732398611E+00
2.2336114221379186E+00
2.8087301039278132E+00
3.4003237440691003E+00
4.0000000000002469E+00
4.5996762559313744E+00
5.1912698960726233E+00
5.7663885778624770E+00
6.3158814267604679E+00
6.8288095139858376E+00
7.2912989386724671E+00
7.6866642084277235E+00
8.0000000000000000E+00
0.0000000000000000E+00
3.1538414449109942E-01
7.0601886316444307E-01
1.1629897171525905E+00
1.6730467687329349E+00
2.2228183430344757E+00
2.8005133781677705E+00
3.3959452568345889E+00
4.0000000000002416E+00
4.6040547431658840E+00
5.1994866218326612E+00
5.7771816569659107E+00
6.3269532312673959E+00
6.8370102828476673E+00
7.2939811368357317E+00
7.6846158555089898E+00
8.0000000000000000E+00
0.0000000000000000E+00
3.1635982573921845E-01
7.0570194145178033E-01
1.1608861385211267E+00
1.6698347850273310E+00
2.2195061101544922E+00
2.7979103040461699E+00
3.3945386388066181E+00
4.0000000000002363E+00
4.6054613611938482E+00
5.2020896959542675E+00
5.7804938898458920E+00
6.3301652149729959E+00
6.8391138614791327E+00
7.2942980585483994E+00
7.6836401742608604E+00
8.0000000000000000E+00
0.0000000000000000E+00
3.1538414449109942E-01
7.0601886316444340E-01
1.1629897171525907E+00
1.6730467687329322E+00
2.2228183430344752E+00
2.8005133781677714E+00
3.3959452568345858E+00
4.0000000000002425E+00
4.6040547431658787E+00
5.1994866218326621E+00
5.7771816569659062E+00
6.3269532312673933E+00
6.8370102828476691E+00
7.2939811368357343E+00
7.6846158555089872E+00
8.0000000000000000E+00
0.0000000000000000E+00
3.1333579157236935E-01
7.0870106132771116E-01
1.1711904860144227E+00
1.6841185732398614E+00
2.2336114221379173E+00
2.8087301039278101E+00
3.4003237440690972E+00
4.0000000000002407E+00
4.5996762559313691E+00
5.1912698960726207E+00
5.7663885778624682E+00
6.3158814267604653E+00
6.8288095139858376E+00
7.2912989386724671E+00
7.6866642084277226E+00
8.0000000000000000E+00
0.0000000000000000E+00
3.1343124392227206E-01
7.1962794600693947E-01
1.1912851818655315E+00
1.7070701260401595E+00
2.2539835516596174E+00
2.8235407316354015E+00
3.4080374367829354E+00
4.0000000000002442E+00
4.5919625632175318E+00
5.1764592683650292E+00
5.7460164483407690E+00
6.2929298739601629E+00
6.8087148181347281E+00
7.2803720539932408E+00
7.6865687560778140E+00
8.0000000000000000E+00
0.0000000000000000E+00
3.2341901163193310E-01
7.5110612821451639E-01
1.2330741107275578E+00
1.7465326380360273E+00
2.2861258731125704E+00
2.8458324312403356E+00
3.4193923812261282E+00
4.0000000000002398E+00
4.5806076187743408E+00
5.1541675687600952E+00
5.7138741268878137E+00
6.2534673619642955E+00
6.7669258892726978E+00
7.2488938717856577E+00
7.6765809883681584E+00
8.0000000000000000E+00
0.0000000000000000E+00
3.6573542310269536E-01
8.2706606410812022E-01
1.3027686101059539E+00
1.8050324368777317E+00
2.3306810487138629E+00
2.8757486815591737E+00
3.4343899808008023E+00
4.0000000000002434E+00
4.5656100191996538E+00
5.1242513184412575E+00
5.6693189512865159E+00
6.1949675631225922E+00
6.6972313898943074E+00
7.1729339358920541E+00
7.6342645768973982E+00
8.0000000000000000E+00
0.0000000000000000E+00
5.1879529113870937E-01
9.4128974663734288E-01
1.3982784890433564E+00
1.8797688958597087E+00
2.3862141656749611E+00
2.9125368730037642E+00
3.4527284039703043E+00
4.0000000000002309E+00
4.5472715960301393E+00
5.0874631269966528E+00
5.6137858343254115E+00
6.1202311041406121E+00
6.6017215109569038E+00
7.0587102533628405E+00
7.4812047088613953E+00
8.0000000000000000E+00
0.0000000000000000E+00
5.1857832580588914E-01
9.4106253305052823E-01
1.3980640856131814E+00
1.8795801057799602E+00
2.3860594717415218E+00
2.9124260273846865E+00
3.4526703075938805E+00
4.0000000000002327E+00
4.5473296924065734E+00
5.0875739726157523E+00
5.6139405282588761E+00
6.1204198942203938E+00
6.6019359143870950E+00
7.0589374669496676E+00
7.4814216741942179E+00
8.0000000000000000E+00
0.0000000000000000E+00
3.6570009974609957E-01
8.2700885508745736E-01
1.3027133470481200E+00
1.8049797926353719E+00
2.3306333688880891E+00
2.8757112840753112E+00
3.4343691991922407E+00
4.0000000000002434E+00
4.5656308008082265E+00
5.1242887159251254E+00
5.6693666311123163E+00
6.1950202073649745E+00
6.6972866529521555E+00
7.1729911449127313E+00
7.6342999002539926E+00
8.0000000000000000E+00
0.0000000000000000E+00
3.2349557651234156E-01
7.5119675024204280E-01
1.2331562028131904E+00
1.7465970281392058E+00
2.2861691637169232E+00
2.8458570230796063E+00
3.4194029576091562E+00
4.0000000000002425E+00
4.5805970423913180E+00
5.1541429769208387E+00
5.7138308362834742E+00
6.2534029718611359E+00
6.7668437971870770E+00
7.2488032497581427E+00
7.6765044234877431E+00
8.0000000000000000E+00
0.0000000000000000E+00
3.1357853424566290E-01
7.1982388289501853E-01
1.1914757826918458E+00
1.7072290248834321E+00
2.2541008154377056E+00
2.8236157079868409E+00
3.4080734688975634E+00
4.0000000000002460E+00
4.5919265311029074E+00
5.1763842920135996E+00
5.7458991845626874E+00
6.2927709751169045E+00
6.8085242173084231E+00
7.2801761171051567E+00
7.6864214657544290E+00
8.0000000000000000E+00
0.0000000000000000E+00
3.1352615989499416E-01
7.0896558628978790E-01
1.1714562249992218E+00
1.6843458707173682E+00
2.2337831677327062E+00
2.8088424699301782E+00
3.4003787126332581E+00
4.0000000000002469E+00
4.5996212873672118E+00
5.1911575300702619E+00
5.7662168322676788E+00
6.3156541292829651E+00
6.8285437750010383E+00
7.2910344137103875E+00
7.6864738401050960E+00
8.0000000000000000E+00
0.0000000000000000E+00
3.1559748820677025E-01
7.0632154461613894E-01
1.1632989665265370E+00
1.6733149095222972E+00
2.2230232819672713E+00
2.8006487385352563E+00
3.3960119200405341E+00
4.0000000000002451E+00
4.6039880799599313E+00
5.1993512614651758E+00
5.7769767180331133E+00
6.3266850904780298E+00
6.8367010334737159E+00
7.2936784553840353E+00
7.6844025117933157E+00
8.0000000000000000E+00
0.0000000000000000E+00
3.1658035769689374E-01
7.0601681405691552E-01
1.1612095679776706E+00
1.6701164562455719E+00
2.2197221677802585E+00
2.7980534182356345E+00
3.3946092565118220E+00
4.0000000000002434E+00
4.6053907434886430E+00
5.2019465817647923E+00
5.7802778322201185E+00
6.3298835437547467E+00
6.8387904320225799E+00
7.2939831859432571E+00
7.6834196423031793E+00
8.0000000000000000E+00
0.0000000000000000E+00
3.1559748820677047E-01
7.0632154461613872E-01
1.1632989665265367E+00
1.6733149095222983E+00
2.2230232819672691E+00
2.8006487385352568E+00
3.3960119200405310E+00
4.0000000000002407E+00
4.6039880799599260E+00
5.1993512614651713E+00
5.7769767180331089E+00
6.3266850904780254E+00
6.8367010334737204E+00
7.2936784553840361E+00
7.6844025117933183E+00
8.0000000000000000E+00
0.0000000000000000E+00
3.1352615989499455E-01
7.0896558628978801E-01
1.1714562249992224E+00
1.6843458707173662E+00
2.2337831677327058E+00
2.8088424699301746E+00
3.4003787126332536E+00
4.0000000000002371E+00
4.5996212873672073E+00
5.1911575300702522E+00
5.7662168322676735E+00
6.3156541292829571E+00
6.8285437750010329E+00
7.2910344137103911E+00
7.6864738401051005E+00
8.0000000000000000E+00
0.0000000000000000E+00
3.1357853424566301E-01
7.1982388289501831E-01
1.1914757826918465E+00
1.7072290248834296E+00
2.2541008154377042E+00
2.8236157079868347E+00
3.4080734688975598E+00
4.0000000000002380E+00
4.5919265311029003E+00
5.1763842920135916E+00
5.7458991845626759E+00
6.2927709751168956E+00
6.8085242173084097E+00
7.2801761171051593E+00
7.6864214657544316E+00
8.0000000000000000E+00
0.0000000000000000E+00
3.2349557651234123E-01
7.5119675024204258E-01
1.2331562028131895E+00
1.7465970281392054E+00
2.2861691637169197E+00
2.8458570230796032E+00
3.4194029576091514E+00
4.0000000000002345E+00
4.5805970423913065E+00
5.1541429769208245E+00
5.7138308362834591E+00
6.2534029718611182E+00
6.7668437971870654E+00
7.2488032497581321E+00
7.6765044234877422E+00
8.0000000000000000E+00
0.0000000000000000E+00
3.6570009974609907E-01
8.2700885508745647E-01
1.3027133470481187E+00
1.8049797926353695E+00
2.3306333688880865E+00
2.8757112840753094E+00
3.4343691991922394E+00
4.0000000000002336E+00
4.5656308008082158E+00
5.1242887159251120E+00
5.6693666311122906E+00
6.1950202073649514E+00
6.6972866529521387E+00
7.1729911449127197E+00
7.6342999002539846E+00
8.0000000000000000E+00
0.0000000000000000E+00
5.1857832580588814E-01
9.4106253305052723E-01
1.3980640856131792E+00
1.8795801057799575E+00
2.3860594717415178E+00
2.9124260273846847E+00
3.4526703075938809E+00
4.0000000000002265E+00
4.5473296924065627E+00
5.0875739726157327E+00
5.6139405282588513E+00
6.1204198942203600E+00
6.6019359143870808E+00
7.0589374669496543E+00
7.4814216741942134E+00
8.0000000000000000E+00
0.0000000000000000E+00
5.1789717075286434E-01
9.4033457163856271E-01
1.3973639412072114E+00
1.8789541354743866E+00
2.3855414620575051E+00
2.9120527992128120E+00
3.4524741862911639E+00
4.0000000000002212E+00
4.5475258137092887E+00
5.0879472007876183E+00
5.6144585379428884E+00
6.1210458645259527E+00
6.6026360587930650E+00
7.0596654283616393E+00
7.4821028292472409E+00
8.0000000000000000E+00
0.0000000000000000E+00
3.6557678574544245E-01
8.2680064980030099E-01
1.3024981923117074E+00
1.8047675068252045E+00
2.3304397418381040E+00
2.8755602866454857E+00
3.4342858526262394E+00
4.0000000000002300E+00
4.5657141473742247E+00
5.1244397133549580E+00
5.6695602581622939E+00
6.1952324931751388E+00
6.6975018076885675E+00
7.1731993501998872E+00
7.6344232142546486E+00
8.0000000000000000E+00
0.0000000000000000E+00
3.2371251168163062E-01
7.5143858165976685E-01
1.2333585116521926E+00
1.7467398624443558E+00
2.2862511342248752E+00
2.8458935889561729E+00
3.4194144157325210E+00
4.0000000000002407E+00
4.5805855842679444E+00
5.1541064110442738E+00
5.7137488657755169E+00
6.2532601375559889E+00
6.7666414883480774E+00
7.2485614183404135E+00
7.6762874883184606E+00
8.0000000000000000E+00
0.0000000000000000E+00
3.1400871523466778E-01
7.2038418312005736E-01
1.1920065873697063E+00
1.7076579613146639E+00
2.2544066562052132E+00
2.8238047010092573E+00
3.4081619170968978E+00
4.0000000000002442E+00
4.5918380829035677E+00
5.1761952989911828E+00
5.7455933437951785E+00
6.2923420386856712E+00
6.8079934126305588E+00
7.2796158168801215E+00
7.6859912847654259E+00
8.0000000000000000E+00
0.0000000000000000E+00
3.1408523255869492E-01
7.0973206165381719E-01
1.1722135415435815E+00
1.6849813540792551E+00
2.2342536868137168E+00
2.8091445403469750E+00
3.4005244461995492E+00
4.0000000000002389E+00
4.5994755538009118E+00
5.1908554596534602E+00
5.7657463131866695E+00
6.3150186459210751E+00
6.8277864584566768E+00
7.2902679383463616E+00
7.6859147674413908E+00
8.0000000000000000E+00
0.0000000000000000E+00
3.1622487856752696E-01
7.0720218694769044E-01
1.1641870227616302E+00
1.6740734752805142E+00
2.2235940263800771E+00
2.8010203258255482E+00
3.3961930338121862E+00
4.0000000000002327E+00
4.6038069661882748E+00
5.1989796741748791E+00
5.7764059736203031E+00
6.3259265247198071E+00
6.8358129772386285E+00
7.2927978130524869E+00
7.6837751214325616E+00
8.0000000000000000E+00
0.0000000000000000E+00
3.1722904718796247E-01
7.0693383973722124E-01
1.1621401563187954E+00
1.6709157502557774E+00
2.2203264638987745E+00
2.7984484417102955E+00
3.3948023339199325E+00
4.0000000000002318E+00
4.6051976660805227E+00
5.2015515582901202E+00
5.7796735361016038E+00
6.3290842497445414E+00
6.8378598436814588E+00
7.2930661602629661E+00
7.6827709528121284E+00
8.0000000000000000E+00
0.0000000000000000E+00
3.1622487856752679E-01
7.0720218694769099E-01
1.1641870227616296E+00
1.6740734752805146E+00
2.2235940263800775E+00
2.8010203258255446E+00
3.3961930338121844E+00
4.0000000000002336E+00
4.6038069661882695E+00
5.1989796741748719E+00
5.7764059736203013E+00
6.3259265247198035E+00
6.8358129772386231E+00
7.2927978130524886E+00
7.6837751214325651E+00
8.0000000000000000E+00
0.0000000000000000E+00
3.1408523255869480E-01
7.0973206165381730E-01
1.1722135415435815E+00
1.6849813540792535E+00
2.2342536868137155E+00
2.8091445403469728E+00
3.4005244461995456E+00
4.0000000000002318E+00
4.5994755538009082E+00
5.1908554596534495E+00
5.7657463131866615E+00
6.3150186459210618E+00
6.8277864584566768E+00
7.2902679383463598E+00
7.6859147674413943E+00
8.0000000000000000E+00
0.0000000000000000E+00
3.1400871523466778E-01
7.2038418312005736E-01
1.1920065873697052E+00
1.7076579613146636E+00
2.2544066562052119E+00
2.8238047010092528E+00
3.4081619170968960E+00
4.0000000000002327E+00
4.5918380829035597E+00
5.1761952989911721E+00
5.7455933437951670E+00
6.2923420386856597E+00
6.8079934126305517E+00
7.2796158168801171E+00
7.6859912847654206E+00
8.0000000000000000E+00
0.0000000000000000E+00
3.2371251168163045E-01
7.5143858165976696E-01
1.2333585116521915E+00
1.7467398624443549E+00
2.2862511342248717E+00
2.8458935889561667E+00
3.4194144157325170E+00
4.0000000000002336E+00
4.5805855842679373E+00
5.1541064110442596E+00
5.7137488657755053E+00
6.2532601375559720E+00
6.7666414883480615E+00
7.2485614183404046E+00
7.6762874883184553E+00
8.0000000000000000E+00
0.0000000000000000E+00
3.6557678574544200E-01
8.2680064980030021E-01
1.3024981923117060E+00
1.8047675068252031E+00
2.3304397418381004E+00
2.8755602866454786E+00
3.4342858526262381E+00
4.0000000000002327E+00
4.5657141473742184E+00
5.1244397133549464E+00
5.6695602581622762E+00
6.1952324931751157E+00
6.6975018076885533E+00
7.1731993501998721E+00
7.6344232142546415E+00
8.0000000000000000E+00
0.0000000000000000E+00
5.1789717075286357E-01
9.4033457163856071E-01
1.3973639412072103E+00
1.8789541354743835E+00
2.3855414620574988E+00
2.9120527992128102E+00
3.4524741862911634E+00
4.0000000000002292E+00
4.5475258137092851E+00
5.0879472007876085E+00
5.6144585379428689E+00
6.1210458645259331E+00
6.6026360587930464E+00
7.0596654283616216E+00
7.4821028292472347E+00
8.0000000000000000E+00
0.0000000000000000E+00
5.1665624370293950E-01
9.3895870033520146E-01
1.3959970161192519E+00
1.8777017545889618E+00
2.3844893471561437E+00
2.9112886416745485E+00
3.4520711942893949E+00
4.0000000000002292E+00
4.5479288057110585E+00
5.0887113583258898E+00
5.6155106528442511E+00
6.1222982454113790E+00
6.6040029838810277E+00
7.0610412996649901E+00
7.4833437562971712E+00
8.0000000000000000E+00
0.0000000000000000E+00
3.6530972244170434E-01
8.2632388873372997E-01
1.3019647191548578E+00
1.8042216712194410E+00
2.3299388674200783E+00
2.8751723433412377E+00
3.4340733271490578E+00
4.0000000000002354E+00
4.5659266728514032E+00
5.1248276566592015E+00
5.6700611325803205E+00
6.1957783287809010E+00
6.6980352808454127E+00
7.1736761112664542E+00
7.6346902775583860E+00
8.0000000000000000E+00
0.0000000000000000E+00
3.2402766404232142E-01
7.5173362011989420E-01
1.2335385786124144E+00
1.7467989671208870E+00
2.2862182176096737E+00
2.8458233108814857E+00
3.4193621936393259E+00
4.0000000000002363E+00
4.5806378063611382E+00
5.1541766891189500E+00
5.7137817823907229E+00
6.2532010328794536E+00
6.7664614213878540E+00
7.2482663798802864E+00
7.6759723359577627E+00
8.0000000000000000E+00
0.0000000000000000E+00
3.1468236470684452E-01
7.2121797073745175E-01
1.1927437291876017E+00
1.7082022706358833E+00
2.2547532192070201E+00
2.8239926325794711E+00
3.4082400512575819E+00
4.0000000000002300E+00
4.5917599487428804E+00
5.1760073674209650E+00
5.7452467807933685E+00
6.2917977293644540E+00
6.8072562708126663E+00
7.2787820292627252E+00
7.6853176352932353E+00
8.0000000000000000E+00
0.0000000000000000E+00
3.1497211966749061E-01
7.1091038773656245E-01
1.1733315648114322E+00
1.6858742810448111E+00
2.2348787987959833E+00
2.8095239818384652E+00
3.4006996626265948E+00
4.0000000000002309E+00
4.5993003373738608E+00
5.1904760181619629E+00
5.7651212012044013E+00
6.3141257189555153E+00
6.8266684351888269E+00
7.2890896122636208E+00
7.6850278803325942E+00
8.0000000000000000E+00
0.0000000000000000E+00
3.1722332404698289E-01
7.0856948368709616E-01
1.1655234511222627E+00
1.6751733181250559E+00
2.2243883496123722E+00
2.8015174517718435E+00
3.3964282356111060E+00
4.0000000000002274E+00
4.6035717643893443E+00
5.1984825482285792E+00
5.7756116503880071E+00
6.3248266818752690E+00
6.8344765488779942E+00
7.2914305163130857E+00
7.6827766759531082E+00
8.0000000000000000E+00
0.0000000000000000E+00
3.1826201598253684E-01
7.0836104119392884E-01
1.1635473817241719E+00
1.6720839125278464E+00
2.2211773702542366E+00
2.7989852301507976E+00
3.3950578221595742E+00
4.0000000000002292E+00
4.6049421778408677E+00
5.2010147698496310E+00
5.7788226297461378E+00
6.3279160874724720E+00
6.8364526182760921E+00
7.2916389588062458E+00
7.6817379840175652E+00
8.0000000000000000E+00
0.0000000000000000E+00
3.1722332404698289E-01
7.0856948368709616E-01
1.1655234511222625E+00
1.6751733181250548E+00
2.2243883496123726E+00
2.8015174517718449E+00
3.3964282356111046E+00
4.0000000000002327E+00
4.6035717643893435E+00
5.1984825482285801E+00
5.7756116503880062E+00
6.3248266818752699E+00
6.8344765488779915E+00
7.2914305163130786E+00
7.6827766759531064E+00
8.0000000000000000E+00
0.0000000000000000E+00
3.1497211966749056E-01
7.1091038773656234E-01
1.1733315648114335E+00
1.6858742810448113E+00
2.2348787987959859E+00
2.8095239818384670E+00
3.4006996626265908E+00
4.0000000000002300E+00
4.5993003373738626E+00
5.1904760181619567E+00
5.7651212012043969E+00
6.3141257189555162E+00
6.8266684351888181E+00
7.2890896122636084E+00
7.6850278803325995E+00
8.0000000000000000E+00
0.0000000000000000E+00
3.1468236470684430E-01
7.2121797073745109E-01
1.1927437291876029E+00
1.7082022706358819E+00
2.2547532192070192E+00
2.8239926325794706E+00
3.4082400512575797E+00
4.0000000000002327E+00
4.5917599487428786E+00
5.1760073674209517E+00
5.7452467807933605E+00
6.2917977293644434E+00
6.8072562708126494E+00
7.2787820292627163E+00
7.6853176352932424E+00
8.0000000000000000E+00
0.0000000000000000E+00
3.2402766404232158E-01
7.5173362011989342E-01
1.2335385786124138E+00
1.7467989671208881E+00
2.2862182176096688E+00
2.8458233108814852E+00
3.4193621936393273E+00
4.0000000000002354E+00
4.5806378063611346E+00
5.1541766891189402E+00
5.7137817823907051E+00
6.2532010328794359E+00
6.7664614213878425E+00
7.2482663798802749E+00
7.6759723359577618E+00
8.0000000000000000E+00
0.0000000000000000E+00
3.6530972244170412E-01
8.2632388873372942E-01
1.3019647191548582E+00
1.8042216712194394E+00
2.3299388674200738E+00
2.8751723433412346E+00
3.4340733271490573E+00
4.0000000000002434E+00
4.5659266728513996E+00
5.1248276566591873E+00
5.6700611325802983E+00
6.1957783287808867E+00
6.6980352808453993E+00
7.1736761112664453E+00
7.6346902775583816E+00
8.0000000000000000E+00
0.0000000000000000E+00
5.1665624370293928E-01
9.3895870033520079E-01
1.3959970161192528E+00
1.8777017545889578E+00
2.3844893471561375E+00
2.9112886416745445E+00
3.4520711942893936E+00
4.0000000000002371E+00
4.5479288057110558E+00
5.0887113583258721E+00
5.6155106528442333E+00
6.1222982454113630E+00
6.6040029838810090E+00
7.0610412996649812E+00
7.4833437562971659E+00
8.0000000000000000E+00
0.0000000000000000E+00
5.1467909305073378E-01
9.3666051286945773E-01
1.3936255546416976E+00
1.8754713703410038E+00
2.3825876728533673E+00
2.9098974786740861E+00
3.4513354054834764E+00
4.0000000000002336E+00
4.5486645945169739E+00
5.0901025213263438E+00
5.6174123271470275E+00
6.1245286296593386E+00
6.6063744453585755E+00
7.0633394871307447E+00
7.4853209069493714E+00
8.0000000000000000E+00
0.0000000000000000E+00
3.6479258073044235E-01
8.2535468333436168E-01
1.3008123560741121E+00
1.8030145831562430E+00
2.3288291263333591E+00
2.8743183806522676E+00
3.4336084899964407E+00
4.0000000000002327E+00
4.5663915100040171E+00
5.1256816193481702E+00
5.6711708736670410E+00
6.1969854168440968E+00
6.6991876439261597E+00
7.1746453166658286E+00
7.6352074192696451E+00
8.0000000000000000E+00
0.0000000000000000E+00
3.2435674975936968E-01
7.5189020721850863E-01
1.2334215569560254E+00
1.7464650355257256E+00
2.2857805256458033E+00
2.8454237671354692E+00
3.4191260974627959E+00
4.0000000000002336E+00
4.5808739025376637E+00
5.1545762328649696E+00
5.7142194743545911E+00
6.2535349644746114E+00
6.7665784430442359E+00
7.2481097927816744E+00
7.6756432502407135E+00
8.0000000000000000E+00
0.0000000000000000E+00
3.1551801281933189E-01
7.2214384966176515E-01
1.1934255749291454E+00
1.7085644301866798E+00
2.2548596917927965E+00
2.8239630619102032E+00
3.4081906161189357E+00
4.0000000000002354E+00
4.5918093838815217E+00
5.1760369380902294E+00
5.7451403082075911E+00
6.2914355698136495E+00
6.8065744250711147E+00
7.2778561503384163E+00
7.6844819871807513E+00
8.0000000000000000E+00
0.0000000000000000E+00
3.1610135339787326E-01
7.1231888484394656E-01
1.1745526671597715E+00
1.6867332714415166E+00
2.2353837720361174E+00
2.8097690129193449E+00
3.4007895905262542E+00
4.0000000000002336E+00
4.5992104094741997E+00
5.1902309870810859E+00
5.7646162279642663E+00
6.3132667285588138E+00
6.8254473328404908E+00
7.2876811151562295E+00
7.6838986466022154E+00
8.0000000000000000E+00
0.0000000000000000E+00
3.1850291670368347E-01
7.1023873817919658E-01
1.1670507418107940E+00
1.6763255388107938E+00
2.2251348588861712E+00
2.8019312262545624E+00
3.3966043852118379E+00
4.0000000000002309E+00
4.6033956147886101E+00
5.1980687737458631E+00
5.7748651411142067E+00
6.3236744611895315E+00
6.8329492581894655E+00
7.2897612618209813E+00
7.6814970832964056E+00
8.0000000000000000E+00
0.0000000000000000E+00
3.1958757565569096E-01
7.1011227209894723E-01
1.1651733905093316E+00
1.6733326526057768E+00
2.2220045351174895E+00
2.7994558642527543E+00
3.3952631446890176E+00
4.0000000000002274E+00
4.6047368553114376E+00
5.2005441357476645E+00
5.7779954648828848E+00
6.3266673473945438E+00
6.8348266094909205E+00
7.2898877279012373E+00
7.6804124243443894E+00
8.0000000000000000E+00
0.0000000000000000E+00
3.1850291670368353E-01
7.1023873817919680E-01
1.1670507418107947E+00
1.6763255388107932E+00
2.2251348588861717E+00
2.8019312262545655E+00
3.3966043852118415E+00
4.0000000000002309E+00
4.6033956147886128E+00
5.1980687737458569E+00
5.7748651411142049E+00
6.3236744611895288E+00
6.8329492581894611E+00
7.2897612618209813E+00
7.6814970832964091E+00
8.0000000000000000E+00
0.0000000000000000E+00
3.1610135339787337E-01
7.1231888484394668E-01
1.1745526671597717E+00
1.6867332714415151E+00
2.2353837720361187E+00
2.8097690129193449E+00
3.4007895905262555E+00
4.0000000000002327E+00
4.5992104094742006E+00
5.1902309870810797E+00
5.7646162279642645E+00
6.3132667285588093E+00
6.8254473328404828E+00
7.2876811151562304E+00
7.6838986466022217E+00
8.0000000000000000E+00
0.0000000000000000E+00
3.1551801281933201E-01
7.2214384966176515E-01
1.1934255749291454E+00
1.7085644301866811E+00
2.2548596917927974E+00
2.8239630619102036E+00
3.4081906161189370E+00
4.0000000000002345E+00
4.5918093838815208E+00
5.1760369380902240E+00
5.7451403082075867E+00
6.2914355698136424E+00
6.8065744250711093E+00
7.2778561503384100E+00
7.6844819871807601E+00
8.0000000000000000E+00
0.0000000000000000E+00
3.2435674975936918E-01
7.5189020721850897E-01
1.2334215569560256E+00
1.7464650355257247E+00
2.2857805256458041E+00
2.8454237671354683E+00
3.4191260974627995E+00
4.0000000000002371E+00
4.5808739025376628E+00
5.1545762328649607E+00
5.7142194743545796E+00
6.2535349644745937E+00
6.7665784430442315E+00
7.2481097927816656E+00
7.6756432502407170E+00
8.0000000000000000E+00
0.0000000000000000E+00
3.6479258073044202E-01
8.2535468333436057E-01
1.3008123560741118E+00
1.8030145831562405E+00
2.3288291263333583E+00
2.8743183806522685E+00
3.4336084899964456E+00
4.0000000000002371E+00
4.5663915100040171E+00
5.1256816193481578E+00
5.6711708736670232E+00
6.1969854168440754E+00
6.6991876439261491E+00
7.1746453166658206E+00
7.6352074192696451E+00
8.0000000000000000E+00
0.0000000000000000E+00
5.1467909305073301E-01
9.3666051286945773E-01
1.3936255546416974E+00
1.8754713703410022E+00
2.3825876728533650E+00
2.9098974786740852E+00
3.4513354054834804E+00
4.0000000000002354E+00
4.5486645945169712E+00
5.0901025213263287E+00
5.6174123271470071E+00
6.1245286296593138E+00
6.6063744453585631E+00
7.0633394871307278E+00
7.4853209069493696E+00
8.0000000000000000E+00
0.0000000000000000E+00
5.1167821278032755E-01
9.3298761840801725E-01
1.3896939546650959E+00
1.8716896670933105E+00
2.3793277927724588E+00
2.9075025926949869E+00
3.4500673296160222E+00
4.0000000000002300E+00
4.5499326703844272E+00
5.0924974073054408E+00
5.6206722072279307E+00
6.1283103329070254E+00
6.6103060453351761E+00
7.0670123815921793E+00
7.4883217872197738E+00
8.0000000000000000E+00
0.0000000000000000E+00
3.6384444805873734E-01
8.2351354289167200E-01
1.2985356529778320E+00
1.8006019585199438E+00
2.3266162941488746E+00
2.8726275273908453E+00
3.4326936150915905E+00
4.0000000000002398E+00
4.5673063849088669E+00
5.1273724726095873E+00
5.6733837058515206E+00
6.1993980414803982E+00
6.7014643470224406E+00
7.1764864571085134E+00
7.6361555519413500E+00
8.0000000000000000E+00
0.0000000000000000E+00
3.2454785273927667E-01
7.5157269051525899E-01
1.2325356578796054E+00
1.7452167089696617E+00
2.2844576041197744E+00
2.8443314048764328E+00
3.4185114631064648E+00
4.0000000000002363E+00
4.5814885368939926E+00
5.1556685951240002E+00
5.7155423958806191E+00
6.2547832910306767E+00
6.7674643421206593E+00
7.2484273094849199E+00
7.6754521472608097E+00
8.0000000000000000E+00
0.0000000000000000E+00
3.1636342693985731E-01
7.2283668580902039E-01
1.1935963245785719E+00
1.7082380595202160E+00
2.2542574493681045E+00
2.8233603064946258E+00
3.4078228156294110E+00
4.0000000000002300E+00
4.5921771843710433E+00
5.1766396935058037E+00
5.7457425506322855E+00
6.2917619404801171E+00
6.8064036754216888E+00
7.2771633141911529E+00
7.6836365730602356E+00
8.0000000000000000E+00
0.0000000000000000E+00
3.1731157537693006E-01
7.1362850608054518E-01
1.1754246025188897E+00
1.6870598281303399E+00
2.2353084754495884E+00
2.8095306338531008E+00
3.4006070165213513E+00
4.0000000000002292E+00
4.5993929834791025E+00
5.1904693661473242E+00
5.7646915245507966E+00
6.3129401718699940E+00
6.8245753974813681E+00
7.2863714939196305E+00
7.6826884246231586E+00
8.0000000000000000E+00
0.0000000000000000E+00
3.1989404658461856E-01
7.1187455217448392E-01
1.1683155951908666E+00
1.6770348067007379E+00
2.2253782590007813E+00
2.8019169368058758E+00
3.3965366936623331E+00
4.0000000000002274E+00
4.6034633063381198E+00
5.1980830631945460E+00
5.7746217409996010E+00
6.3229651932995941E+00
6.8316844048093897E+00
7.2881254478256974E+00
7.6801059534154739E+00
8.0000000000000000E+00
0.0000000000000000E+00
3.2103299764719534E-01
7.1184942482459135E-01
1.1665640124330428E+00
1.6741674075622148E+00
2.2223541910107354E+00
2.7995170842014603E+00
3.3952343558820370E+00
4.0000000000002229E+00
4.6047656441184168E+00
5.2004829157989576E+00
5.7776458089896483E+00
6.3258325924381049E+00
6.8334359875672135E+00
7.2881505751756039E+00
7.6789670023529020E+00
8.0000000000000000E+00
0.0000000000000000E+00
3.1989404658461879E-01
7.1187455217448392E-01
1.1683155951908668E+00
1.6770348067007370E+00
2.2253782590007822E+00
2.8019169368058772E+00
3.3965366936623327E+00
4.0000000000002265E+00
4.6034633063381163E+00
5.1980830631945460E+00
5.7746217409995957E+00
6.3229651932995852E+00
6.8316844048093923E+00
7.2881254478256983E+00
7.6801059534154792E+00
8.0000000000000000E+00
0.0000000000000000E+00
3.1731157537693028E-01
7.1362850608054562E-01
1.1754246025188906E+00
1.6870598281303386E+00
2.2353084754495880E+00
2.8095306338531025E+00
3.4006070165213531E+00
4.0000000000002327E+00
4.5993929834790999E+00
5.1904693661473233E+00
5.7646915245507850E+00
6.3129401718699807E+00
6.8245753974813663E+00
7.2863714939196367E+00
7.6826884246231630E+00
8.0000000000000000E+00
0.0000000000000000E+00
3.1636342693985725E-01
7.2283668580902105E-01
1.1935963245785717E+00
1.7082380595202158E+00
2.2542574493681058E+00
2.8233603064946262E+00
3.4078228156294132E+00
4.0000000000002389E+00
4.5921771843710433E+00
5.1766396935058001E+00
5.7457425506322748E+00
6.2917619404801117E+00
6.8064036754216852E+00
7.2771633141911600E+00
7.6836365730602330E+00
8.0000000000000000E+00
0.0000000000000000E+00
3.2454785273927661E-01
7.5157269051525877E-01
1.2325356578796056E+00
1.7452167089696620E+00
2.2844576041197748E+00
2.8443314048764341E+00
3.4185114631064710E+00
4.0000000000002354E+00
4.5814885368939926E+00
5.1556685951239976E+00
5.7155423958806093E+00
6.2547832910306660E+00
6.7674643421206451E+00
7.2484273094849172E+00
7.6754521472608124E+00
8.0000000000000000E+00
0.0000000000000000E+00
3.6384444805873706E-01
8.2351354289167200E-01
1.2985356529778316E+00
1.8006019585199462E+00
2.3266162941488742E+00
2.8726275273908475E+00
3.4326936150915941E+00
4.0000000000002425E+00
4.5673063849088678E+00
5.1273724726095820E+00
5.6733837058515109E+00
6.1993980414803795E+00
6.7014643470224273E+00
7.1764864571085090E+00
7.6361555519413518E+00
8.0000000000000000E+00
0.0000000000000000E+00
5.1167821278032732E-01
9.3298761840801669E-01
1.3896939546650955E+00
1.8716896670933125E+00
2.3793277927724601E+00
2.9075025926949878E+00
3.4500673296160267E+00
4.0000000000002425E+00
4.5499326703844254E+00
5.0924974073054337E+00
5.6206722072279200E+00
6.1283103329070112E+00
6.6103060453351654E+00
7.0670123815921722E+00
7.4883217872197783E+00
8.0000000000000000E+00
0.0000000000000000E+00
5.0720142980122018E-01
9.2722154823185865E-01
1.3833270893285168E+00
1.8654688393722594E+00
2.3739372867475028E+00
2.9035419088495984E+00
3.4479728741940971E+00
4.0000000000002300E+00
4.5520271258063456E+00
5.0964580911508177E+00
5.6260627132528791E+00
6.1345311606280744E+00
6.6166729106717534E+00
7.0727784517683254E+00
7.4927985701988886E+00
8.0000000000000000E+00
0.0000000000000000E+00
3.6216622367579310E-01
8.2017820469684222E-01
1.2943182131876212E+00
1.7961229659748725E+00
2.3225361169773380E+00
2.8695374015719062E+00
3.4310328402642876E+00
4.0000000000002300E+00
4.5689671597361627E+00
5.1304625984285215E+00
5.6774638830230408E+00
6.2038770340254592E+00
6.7056817868126464E+00
7.1798217953033356E+00
7.6378337763243023E+00
8.0000000000000000E+00
0.0000000000000000E+00
3.2433409680680553E-01
7.5021151981537015E-01
1.2301023135452120E+00
1.7422169253348827E+00
2.2814978468299221E+00
2.8419895964160991E+00
3.4172244237099427E+00
4.0000000000002363E+00
4.5827755762905094E+00
5.1580104035843224E+00
5.7185021531704594E+00
6.2577830746654479E+00
6.7698976864550513E+00
7.2497884801848080E+00
7.6756659031932815E+00
8.0000000000000000E+00
0.0000000000000000E+00
3.1694244907783647E-01
7.2273256954707210E-01
1.1924933525508723E+00
1.7064027983269796E+00
2.2522086168668221E+00
2.8216368117830442E+00
3.4068471360189916E+00
4.0000000000002309E+00
4.5931528639814543E+00
5.1783631882173760E+00
5.7477913831335590E+00
6.2935972016733519E+00
6.8075066474493831E+00
7.2772674304531098E+00
7.6830575509222472E+00
8.0000000000000000E+00
0.0000000000000000E+00
3.1830809141048660E-01
7.1426385735872333E-01
1.1751857937735772E+00
1.6860425720984415E+00
2.2339256671730046E+00
2.8082696767175439E+00
3.3998668507651892E+00
4.0000000000002247E+00
4.6001331492352584E+00
5.1917303232828740E+00
5.7660743328273760E+00
6.3139574279018840E+00
6.8248142062266748E+00
7.2857361426414560E+00
7.6816919085896114E+00
8.0000000000000000E+00
0.0000000000000000E+00
3.2108786318124460E-01
7.1288969349307096E-01
1.1685530188212425E+00
1.6764931095060718E+00
2.2243973284243115E+00
2.8009407763591549E+00
3.3959430596219420E+00
4.0000000000002292E+00
4.6040569403785003E+00
5.1990592236412638E+00
5.7756026715760678E+00
6.3235068904942464E+00
6.8314469811790115E+00
7.2871103065071114E+00
7.6789121368188527E+00
8.0000000000000000E+00
0.0000000000000000E+00
3.2228435760756885E-01
7.1298063097199260E-01
1.1669524569108856E+00
1.6737808706692363E+00
2.2215069632119113E+00
2.7986368608996637E+00
3.3946903757625608E+00
4.0000000000002274E+00
4.6053096242378855E+00
5.2013631391007484E+00
5.7784930367884622E+00
6.3262191293310739E+00
6.8330475430893785E+00
7.2870193690281804E+00
7.6777156423925348E+00
8.0000000000000000E+00
0.0000000000000000E+00
3.2108786318124483E-01
7.1288969349307196E-01
1.1685530188212423E+00
1.6764931095060716E+00
2.2243973284243070E+00
2.8009407763591567E+00
3.3959430596219429E+00
4.0000000000002265E+00
4.6040569403785048E+00
5.1990592236412612E+00
5.7756026715760678E+00
6.3235068904942491E+00
6.8314469811790097E+00
7.2871103065071177E+00
7.6789121368188544E+00
8.0000000000000000E+00
0.0000000000000000E+00
3.1830809141048683E-01
7.1426385735872422E-01
1.1751857937735777E+00
1.6860425720984400E+00
2.2339256671730050E+00
2.8082696767175452E+00
3.3998668507651901E+00
4.0000000000002256E+00
4.6001331492352593E+00
5.1917303232828749E+00
5.7660743328273796E+00
6.3139574279018831E+00
6.8248142062266846E+00
7.2857361426414569E+00
7.6816919085896087E+00
8.0000000000000000E+00
0.0000000000000000E+00
3.1694244907783714E-01
7.2273256954707210E-01
1.1924933525508750E+00
1.7064027983269805E+00
2.2522086168668225E+00
2.8216368117830450E+00
3.4068471360189956E+00
4.0000000000002336E+00
4.5931528639814605E+00
5.1783631882173795E+00
5.7477913831335590E+00
6.2935972016733439E+00
6.8075066474493875E+00
7.2772674304531035E+00
7.6830575509222552E+00
8.0000000000000000E+00
0.0000000000000000E+00
3.2433409680680597E-01
7.5021151981537038E-01
1.2301023135452132E+00
1.7422169253348869E+00
2.2814978468299212E+00
2.8419895964161013E+00
3.4172244237099521E+00
4.0000000000002416E+00
4.5827755762905129E+00
5.1580104035843268E+00
5.7185021531704567E+00
6.2577830746654435E+00
6.7698976864550522E+00
7.2497884801848098E+00
7.6756659031932752E+00
8.0000000000000000E+00
0.0000000000000000E+00
3.6216622367579365E-01
8.2017820469684355E-01
1.2943182131876212E+00
1.7961229659748763E+00
2.3225361169773411E+00
2.8695374015719053E+00
3.4310328402642956E+00
4.0000000000002469E+00
4.5689671597361707E+00
5.1304625984285268E+00
5.6774638830230391E+00
6.2038770340254557E+00
6.7056817868126446E+00
7.1798217953033419E+00
7.6378337763242969E+00
8.0000000000000000E+00
0.0000000000000000E+00
5.0720142980122096E-01
9.2722154823186242E-01
1.3833270893285150E+00
1.8654688393722618E+00
2.3739372867475068E+00
2.9035419088496046E+00
3.4479728741941038E+00
4.0000000000002389E+00
4.5520271258063545E+00
5.0964580911508195E+00
5.6260627132528720E+00
6.1345311606280699E+00
6.6166729106717508E+00
7.0727784517683325E+00
7.4927985701988833E+00
8.0000000000000000E+00
0.0000000000000000E+00
5.0053623828619165E-01
9.1822541619888853E-01
1.3731678173616273E+00
1.8554732876249593E+00
2.3652921406194309E+00
2.8972203423899634E+00
3.4446437811709365E+00
4.0000000000002220E+00
4.5553562188295045E+00
5.1027796576104549E+00
5.6347078593809474E+00
6.1445267123753595E+00
6.6268321826386387E+00
7.0817745838013026E+00
7.4994637617139128E+00
8.0000000000000000E+00
0.0000000000000000E+00
3.5925968978682432E-01
8.1432961833538442E-01
1.2868583416883324E+00
1.7882530267206285E+00
2.3154547419712173E+00
2.8642392166837141E+00
3.4282091148886313E+00
4.0000000000002309E+00
4.5717908851118185E+00
5.1357607833167060E+00
5.6845452580291616E+00
6.2117469732796966E+00
6.7131416583119279E+00
7.1856703816648038E+00
7.6407403102132623E+00
8.0000000000000000E+00
0.0000000000000000E+00
3.2324435228214821E-01
7.4684218913084444E-01
1.2248551683196132E+00
1.7361597516974283E+00
2.2757744836891405E+00
2.8375902656819423E+00
3.4148469501382972E+00
4.0000000000002274E+00
4.5851530498621491E+00
5.1624097343184774E+00
5.7242255163112370E+00
6.2638402483028974E+00
6.7751448316806426E+00
7.2531578108693386E+00
7.6767556477179397E+00
8.0000000000000000E+00
0.0000000000000000E+00
3.1675459770515063E-01
7.2085950989832082E-01
1.1888621526850054E+00
1.7017692526420856E+00
2.2475999822656476E+00
2.8179924191863095E+00
3.4048488577750926E+00
4.0000000000002265E+00
4.5951511422253519E+00
5.1820075808141137E+00
5.7524000177347281E+00
6.2982307473582404E+00
6.8111378473152513E+00
7.2791404901018577E+00
7.6832454022949435E+00
8.0000000000000000E+00
0.0000000000000000E+00
3.1855635797074483E-01
7.1322823176058159E-01
1.1725774855702693E+00
1.6824002474297441E+00
2.2301323737253007E+00
2.8051934444741922E+00
3.3981579825268935E+00
4.0000000000002274E+00
4.6018420174735484E+00
5.1948065555262293E+00
5.7698676262750741E+00
6.3175997525705787E+00
6.8274225144299949E+00
7.2867717682396007E+00
7.6814436420293477E+00
8.0000000000000000E+00
0.0000000000000000E+00
3.2152694217945532E-01
7.1226717489833247E-01
1.1664961769705873E+00
1.6734203578301912E+00
2.2210936450831391E+00
2.7982140800984321E+00
3.3944145045187653E+00
4.0000000000002238E+00
4.6055854954816802E+00
5.2017859199019822E+00
5.7789063549172326E+00
6.3265796421701301E+00
6.8335038230296705E+00
7.2877328251018509E+00
7.6784730578206410E+00
8.0000000000000000E+00
0.0000000000000000E+00
3.2277650165245247E-01
7.1248150397190579E-01
1.1650681677900616E+00
1.6708925048132586E+00
2.2183654429093052E+00
2.7960276535567496E+00
3.3932228597051246E+00
4.0000000000002283E+00
4.6067771402953159E+00
5.2039723464436696E+00
5.7816345570910634E+00
6.3291074951870625E+00
6.8349318322101826E+00
7.2875184960282722E+00
7.6772234983476508E+00
8.0000000000000000E+00
0.0000000000000000E+00
3.2152694217945577E-01
7.1226717489833258E-01
1.1664961769705877E+00
1.6734203578301914E+00
2.2210936450831409E+00
2.7982140800984343E+00
3.3944145045187639E+00
4.0000000000002265E+00
4.6055854954816819E+00
5.2017859199019831E+00
5.7789063549172344E+00
6.3265796421701284E+00
6.8335038230296679E+00
7.2877328251018421E+00
7.6784730578206393E+00
8.0000000000000000E+00
0.0000000000000000E+00
3.1855635797074577E-01
7.1322823176058248E-01
1.1725774855702695E+00
1.6824002474297459E+00
2.2301323737253016E+00
2.8051934444741913E+00
3.3981579825268966E+00
4.0000000000002300E+00
4.6018420174735537E+00
5.1948065555262284E+00
5.7698676262750785E+00
6.3175997525705769E+00
6.8274225144299843E+00
7.2867717682395989E+00
7.6814436420293504E+00
8.0000000000000000E+00
0.0000000000000000E+00
3.1675459770515113E-01
7.2085950989832215E-01
1.1888621526850056E+00
1.7017692526420867E+00
2.2475999822656507E+00
2.8179924191863086E+00
3.4048488577750975E+00
4.0000000000002345E+00
4.5951511422253537E+00
5.1820075808141155E+00
5.7524000177347290E+00
6.2982307473582404E+00
6.8111378473152522E+00
7.2791404901018542E+00
7.6832454022949479E+00
8.0000000000000000E+00
0.0000000000000000E+00
3.2324435228214865E-01
7.4684218913084588E-01
1.2248551683196147E+00
1.7361597516974310E+00
2.2757744836891431E+00
2.8375902656819454E+00
3.4148469501382999E+00
4.0000000000002398E+00
4.5851530498621571E+00
5.1624097343184854E+00
5.7242255163112405E+00
6.2638402483028983E+00
6.7751448316806506E+00
7.2531578108693333E+00
7.6767556477179451E+00
8.0000000000000000E+00
0.0000000000000000E+00
3.5925968978682477E-01
8.1432961833538597E-01
1.2868583416883352E+00
1.7882530267206311E+00
2.3154547419712186E+00
2.8642392166837176E+00
3.4282091148886380E+00
4.0000000000002407E+00
4.5717908851118230E+00
5.1357607833167105E+00
5.6845452580291660E+00
6.2117469732797046E+00
6.7131416583119412E+00
7.1856703816648020E+00
7.6407403102132623E+00
8.0000000000000000E+00
0.0000000000000000E+00
5.0053623828619243E-01
9.1822541619888942E-01
1.3731678173616286E+00
1.8554732876249636E+00
2.3652921406194332E+00
2.8972203423899670E+00
3.4446437811709427E+00
4.0000000000002416E+00
4.5553562188295063E+00
5.1027796576104549E+00
5.6347078593809501E+00
6.1445267123753764E+00
6.6268321826386405E+00
7.0817745838013071E+00
7.4994637617139119E+00
8.0000000000000000E+00
0.0000000000000000E+00
4.9052518975802367E-01
9.0417296494991961E-01
1.3571196862491570E+00
1.8397506064644344E+00
2.3518364398482396E+00
2.8874846339541835E+00
3.4395526425150678E+00
4.0000000000002292E+00
4.5604473574853683E+00
5.1125153660462326E+00
5.6481635601521365E+00
6.1602493935358966E+00
6.6428803137511032E+00
7.0958270350502639E+00
7.5094748102420770E+00
8.0000000000000000E+00
0.0000000000000000E+00
3.5426787395214776E-01
8.0426554051336074E-01
1.2740858067806700E+00
1.7750073703443747E+00
2.3037726114891877E+00
2.8556432491366035E+00
3.4236753995307256E+00
4.0000000000002247E+00
4.5763246004697189E+00
5.1443567508638166E+00
5.6962273885111925E+00
6.2249926296559490E+00
6.7259141932195883E+00
7.1957344594868200E+00
7.6457321260479381E+00
8.0000000000000000E+00
0.0000000000000000E+00
3.2041946098101193E-01
7.3980536622896709E-01
1.2147436904455702E+00
1.7250671623861680E+00
2.2656814554088811E+00
2.8300326897742574E+00
3.4108244448253369E+00
4.0000000000002256E+00
4.5891755551751068E+00
5.1699673102261618E+00
5.7343185445914973E+00
6.2749328376141538E+00
6.7852563095546863E+00
7.2601946337712082E+00
7.6795805390190743E+00
8.0000000000000000E+00
0.0000000000000000E+00
3.1487426400391050E-01
7.1552386159069326E-01
1.1806564914219462E+00
1.6923708245271545E+00
2.2388299035592052E+00
2.8113246925261084E+00
3.4012707401659714E+00
4.0000000000002300E+00
4.5987292598344771E+00
5.1886753074743091E+00
5.7611700964411687E+00
6.3076291754731670E+00
6.8193435085783101E+00
7.2844761384094836E+00
7.6851257359961771E+00
8.0000000000000000E+00
0.0000000000000000E+00
3.1707166714701446E-01
7.0878308556682856E-01
1.1655378859537282E+00
1.6741638926945568E+00
2.2223250757483903E+00
2.7991959672158604E+00
3.3949203342835705E+00
4.0000000000002292E+00
4.6050796657168780E+00
5.2008040327845579E+00
5.7776749242519827E+00
6.3258361073057614E+00
6.8344621140465236E+00
7.2912169144333525E+00
7.6829283328530762E+00
8.0000000000000000E+00
0.0000000000000000E+00
3.2019222724962815E-01
7.0823537631191624E-01
1.1600631251837561E+00
1.6658369657963288E+00
2.2138567245482776E+00
2.7926255081608566E+00
3.3913877960686198E+00
4.0000000000002274E+00
4.6086122039318234E+00
5.2073744918395617E+00
5.7861432754520967E+00
6.3341630342039883E+00
6.8399368748164981E+00
7.2917646236882616E+00
7.6798077727504674E+00
8.0000000000000000E+00
0.0000000000000000E+00
3.2147928153370997E-01
7.0856776820211642E-01
1.1588202802212111E+00
1.6635171373349569E+00
2.2113154375005766E+00
2.7905755275083091E+00
3.3902671612098279E+00
4.0000000000002238E+00
4.6097328387906158E+00
5.2094244724921035E+00
5.7886845624997934E+00
6.3364828626653669E+00
6.8411797197790500E+00
7.2914322317980558E+00
7.6785207184663937E+00
8.0000000000000000E+00
0.0000000000000000E+00
3.2019222724962820E-01
7.0823537631191658E-01
1.1600631251837561E+00
1.6658369657963288E+00
2.2138567245482781E+00
2.7926255081608553E+00
3.3913877960686212E+00
4.0000000000002274E+00
4.6086122039318269E+00
5.2073744918395617E+00
5.7861432754520949E+00
6.3341630342039910E+00
6.8399368748164973E+00
7.2917646236882625E+00
7.6798077727504657E+00
8.0000000000000000E+00
0.0000000000000000E+00
3.1707166714701474E-01
7.0878308556682834E-01
1.1655378859537295E+00
1.6741638926945579E+00
2.2223250757483903E+00
2.7991959672158608E+00
3.3949203342835714E+00
4.0000000000002274E+00
4.6050796657168815E+00
5.2008040327845597E+00
5.7776749242519880E+00
6.3258361073057596E+00
6.8344621140465218E+00
7.2912169144333472E+00
7.6829283328530762E+00
8.0000000000000000E+00
0.0000000000000000E+00
3.1487426400391066E-01
7.1552386159069381E-01
1.1806564914219477E+00
1.6923708245271545E+00
2.2388299035592065E+00
2.8113246925261115E+00
3.4012707401659696E+00
4.0000000000002300E+00
4.5987292598344842E+00
5.1886753074743126E+00
5.7611700964411741E+00
6.3076291754731670E+00
6.8193435085783056E+00
7.2844761384094872E+00
7.6851257359961744E+00
8.0000000000000000E+00
0.0000000000000000E+00
3.2041946098101248E-01
7.3980536622896798E-01
1.2147436904455711E+00
1.7250671623861702E+00
2.2656814554088847E+00
2.8300326897742591E+00
3.4108244448253395E+00
4.0000000000002309E+00
4.5891755551751112E+00
5.1699673102261645E+00
5.7343185445915026E+00
6.2749328376141600E+00
6.7852563095546881E+00
7.2601946337712135E+00
7.6795805390190761E+00
8.0000000000000000E+00
0.0000000000000000E+00
3.5426787395214804E-01
8.0426554051336085E-01
1.2740858067806724E+00
1.7750073703443761E+00
2.3037726114891890E+00
2.8556432491366048E+00
3.4236753995307274E+00
4.0000000000002354E+00
4.5763246004697224E+00
5.1443567508638184E+00
5.6962273885111916E+00
6.2249926296559552E+00
6.7259141932195945E+00
7.1957344594868253E+00
7.6457321260479434E+00
8.0000000000000000E+00
0.0000000000000000E+00
4.9052518975802384E-01
9.0417296494992061E-01
1.3571196862491586E+00
1.8397506064644358E+00
2.3518364398482405E+00
2.8874846339541826E+00
3.4395526425150709E+00
4.0000000000002309E+00
4.5604473574853728E+00
5.1125153660462326E+00
5.6481635601521347E+00
6.1602493935358913E+00
6.6428803137511103E+00
7.0958270350502683E+00
7.5094748102420779E+00
8.0000000000000000E+00
0.0000000000000000E+00
4.7518469959298992E-01
8.8202264507308203E-01
1.3319679226249628E+00
1.8155835078170184E+00
2.3315967284677392E+00
2.8730697519750676E+00
3.4320843787316364E+00
4.0000000000002149E+00
4.5679156212688037E+00
5.1269302480253431E+00
5.6684032715326413E+00
6.1844164921832965E+00
6.6680320773753010E+00
7.1179773549271053E+00
7.5248153004071083E+00
8.0000000000000000E+00
0.0000000000000000E+00
3.4560706855131706E-01
7.8703361646472947E-01
1.2527048577994095E+00
1.7535589829567071E+00
2.2854165084818185E+00
2.8424167034571330E+00
3.4167825124855540E+00
4.0000000000002274E+00
4.5832174875148883E+00
5.1575832965432893E+00
5.7145834915185638E+00
6.2464410170436180E+00
6.7472951422008522E+00
7.2129663835354476E+00
7.6543929314487666E+00
8.0000000000000000E+00
0.0000000000000000E+00
3.1420215193104445E-01
7.2613664760729812E-01
1.1964752895225710E+00
1.7060898712298582E+00
2.2491034905681184E+00
2.8179455019708608E+00
3.4044862820832780E+00
4.0000000000002283E+00
4.5955137179171732E+00
5.1820544980295633E+00
5.7508965094322591E+00
6.2939101287704622E+00
6.8035247104776779E+00
7.2738633523928735E+00
7.6857978480690408E+00
8.0000000000000000E+00
0.0000000000000000E+00
3.0949796684223657E-01
7.0369176772783248E-01
1.1645716922655576E+00
1.6753325893232369E+00
2.2237435359486386E+00
2.8002245185895225E+00
3.3954203429761676E+00
4.0000000000002292E+00
4.6045796570242841E+00
5.1997754814109012E+00
5.7762564640517340E+00
6.3246674106770815E+00
6.8354283077346905E+00
7.2963082322723345E+00
7.6905020331578440E+00
8.0000000000000000E+00
0.0000000000000000E+00
3.1196438085579942E-01
6.9782358584744231E-01
1.1507092629656577E+00
1.6584085002254683E+00
2.2082980467451980E+00
2.7888264598356201E+00
3.3894382035365513E+00
4.0000000000002274E+00
4.6105617964638963E+00
5.2111735401648023E+00
5.7917019532551768E+00
6.3415914997748519E+00
6.8492907370345906E+00
7.3021764141527257E+00
7.6880356191442836E+00
8.0000000000000000E+00
0.0000000000000000E+00
3.1514613332008817E-01
6.9762886187553563E-01
1.1458413828411114E+00
1.6507675341002506E+00
2.2004361697726900E+00
2.7826901184153567E+00
3.3861287493616286E+00
4.0000000000002283E+00
4.6138712506388186E+00
5.2173098815850585E+00
5.7995638302276831E+00
6.3492324659000650E+00
6.8541586171591407E+00
7.3023711381246432E+00
7.6848538666800001E+00
8.0000000000000000E+00
0.0000000000000000E+00
3.1643701130880547E-01
6.9805177734473522E-01
1.1447739711876259E+00
1.6486589334799739E+00
2.1980887708131953E+00
2.7807823195260530E+00
3.3850820137238067E+00
4.0000000000002292E+00
4.6149179862766294E+00
5.2192176804743742E+00
5.8019112291871782E+00
6.3513410665203329E+00
6.8552260288126314E+00
7.3019482226554491E+00
7.6835629886912793E+00
8.0000000000000000E+00
0.0000000000000000E+00
3.1514613332008840E-01
6.9762886187553552E-01
1.1458413828411120E+00
1.6507675341002486E+00
2.2004361697726900E+00
2.7826901184153567E+00
3.3861287493616263E+00
4.0000000000002327E+00
4.6138712506388178E+00
5.2173098815850674E+00
5.7995638302276884E+00
6.3492324659000703E+00
6.8541586171591407E+00
7.3023711381246432E+00
7.6848538666800055E+00
8.0000000000000000E+00
0.0000000000000000E+00
3.1196438085579953E-01
6.9782358584744231E-01
1.1507092629656577E+00
1.6584085002254667E+00
2.2082980467451985E+00
2.7888264598356205E+00
3.3894382035365509E+00
4.0000000000002300E+00
4.6105617964638981E+00
5.2111735401648049E+00
5.7917019532551768E+00
6.3415914997748537E+00
6.8492907370345959E+00
7.3021764141527390E+00
7.6880356191442925E+00
8.0000000000000000E+00
0.0000000000000000E+00
3.0949796684223663E-01
7.0369176772783204E-01
1.1645716922655576E+00
1.6753325893232354E+00
2.2237435359486404E+00
2.8002245185895229E+00
3.3954203429761676E+00
4.0000000000002300E+00
4.6045796570242814E+00
5.1997754814109038E+00
5.7762564640517393E+00
6.3246674106770850E+00
6.8354283077347002E+00
7.2963082322723531E+00
7.6905020331578582E+00
8.0000000000000000E+00
0.0000000000000000E+00
3.1420215193104417E-01
7.2613664760729790E-01
1.1964752895225705E+00
1.7060898712298584E+00
2.2491034905681189E+00
2.8179455019708599E+00
3.4044862820832784E+00
4.0000000000002318E+00
4.5955137179171759E+00
5.1820544980295669E+00
5.7508965094322582E+00
6.2939101287704675E+00
6.8035247104776939E+00
7.2738633523928806E+00
7.6857978480690523E+00
8.0000000000000000E+00
0.0000000000000000E+00
3.4560706855131634E-01
7.8703361646473013E-01
1.2527048577994080E+00
1.7535589829567055E+00
2.2854165084818154E+00
2.8424167034571335E+00
3.4167825124855575E+00
4.0000000000002300E+00
4.5832174875148972E+00
5.1575832965432902E+00
5.7145834915185620E+00
6.2464410170436206E+00
6.7472951422008531E+00
7.2129663835354547E+00
7.6543929314487782E+00
8.0000000000000000E+00
0.0000000000000000E+00
4.7518469959298931E-01
8.8202264507308192E-01
1.3319679226249632E+00
1.8155835078170164E+00
2.3315967284677352E+00
2.8730697519750676E+00
3.4320843787316377E+00
4.0000000000002292E+00
4.5679156212688081E+00
5.1269302480253494E+00
5.6684032715326351E+00
6.1844164921833098E+00
6.6680320773752983E+00
7.1179773549271053E+00
7.5248153004071181E+00
8.0000000000000000E+00
0.0000000000000000E+00
4.5067835257942301E-01
8.4647459758287935E-01
1.2929108230445137E+00
1.7797061986698457E+00
2.3024368022409556E+00
2.8526860350585364E+00
3.4216293899264545E+00
4.0000000000002212E+00
4.5783706100739936E+00
5.1473139649418824E+00
5.6975631977594174E+00
6.2202938013304845E+00
6.7070891769557388E+00
7.1535254024173023E+00
7.5493216474206744E+00
8.0000000000000000E+00
0.0000000000000000E+00
3.3002763004258479E-01
7.5711516892761066E-01
1.2176626537213389E+00
1.7203965464589430E+00
2.2580849511201291E+00
2.8231658045129095E+00
3.4068717637819335E+00
4.0000000000002283E+00
4.5931282362185195E+00
5.1768341954875146E+00
5.7419150488802488E+00
6.2796034535413821E+00
6.7823373462789185E+00
7.2428848310725575E+00
7.6699723699574998E+00
8.0000000000000000E+00
0.0000000000000000E+00
3.0093065159594751E-01
7.0029954976901598E-01
1.1649358654120541E+00
1.6755639424825199E+00
2.2235851337841339E+00
2.7998270868508257E+00
3.3951192927276552E+00
4.0000000000002318E+00
4.6048807072727964E+00
5.2001729131496015E+00
5.7764148662162507E+00
6.3244360575178025E+00
6.8350641345881966E+00
7.2997004502311578E+00
7.6990693484041355E+00
8.0000000000000000E+00
0.0000000000000000E+00
2.9676415925790717E-01
6.7973345214539094E-01
1.1353563607733832E+00
1.6468017617230610E+00
2.1996990927651590E+00
2.7830540046349896E+00
3.3865142736053468E+00
4.0000000000002336E+00
4.6134857263951021E+00
5.2169459953654327E+00
5.8003009072352203E+00
6.3531982382772663E+00
6.8646436392268653E+00
7.3202665478547804E+00
7.7032358407421793E+00
8.0000000000000000E+00
0.0000000000000000E+00
2.9927733404391693E-01
6.7455702851387511E-01
1.1226546430448083E+00
1.6310765901259359E+00
2.1852238210398061E+00
2.7723105083464055E+00
3.3808573246006826E+00
4.0000000000002318E+00
4.6191426753997691E+00
5.2276894916540169E+00
5.8147761789605683E+00
6.3689234098743848E+00
6.8773453569554448E+00
7.3254429714862939E+00
7.7007226659561718E+00
8.0000000000000000E+00
0.0000000000000000E+00
3.0236065095770082E-01
6.7455627555128561E-01
1.1182629793060148E+00
1.6240090556826046E+00
2.1778720765278425E+00
2.7665357063019260E+00
3.3777318138654491E+00
4.0000000000002318E+00
4.6222681861350026E+00
5.2334642936984963E+00
5.8221279234725323E+00
6.3759909443177136E+00
6.8817370206942359E+00
7.3254437244488839E+00
7.6976393490423893E+00
8.0000000000000000E+00
0.0000000000000000E+00
3.0360300040219845E-01
6.7501008163827669E-01
1.1173187184443818E+00
1.6220643047028724E+00
2.1756789382050901E+00
2.7647410442787241E+00
3.3767435438440718E+00
4.0000000000002318E+00
4.6232564561563843E+00
5.2352589557216866E+00
5.8243210617952936E+00
6.3779356952974506E+00
6.8826812815558664E+00
7.3249899183618927E+00
7.6963969995978925E+00
8.0000000000000000E+00
0.0000000000000000E+00
3.0236065095770093E-01
6.7455627555128528E-01
1.1182629793060146E+00
1.6240090556826043E+00
2.1778720765278421E+00
2.7665357063019278E+00
3.3777318138654504E+00
4.0000000000002274E+00
4.6222681861350035E+00
5.2334642936984972E+00
5.8221279234725367E+00
6.3759909443177198E+00
6.8817370206942368E+00
7.3254437244488892E+00
7.6976393490423893E+00
8.0000000000000000E+00
0.0000000000000000E+00
2.9927733404391715E-01
6.7455702851387522E-01
1.1226546430448077E+00
1.6310765901259356E+00
2.1852238210398043E+00
2.7723105083464050E+00
3.3808573246006826E+00
4.0000000000002309E+00
4.6191426753997726E+00
5.2276894916540240E+00
5.8147761789605807E+00
6.3689234098743910E+00
6.8773453569554466E+00
7.3254429714863027E+00
7.7007226659561763E+00
8.0000000000000000E+00
0.0000000000000000E+00
2.9676415925790711E-01
6.7973345214539060E-01
1.1353563607733814E+00
1.6468017617230604E+00
2.1996990927651576E+00
2.7830540046349892E+00
3.3865142736053442E+00
4.0000000000002300E+00
4.6134857263951154E+00
5.2169459953654442E+00
5.8003009072352265E+00
6.3531982382772654E+00
6.8646436392268706E+00
7.3202665478547830E+00
7.7032358407421864E+00
8.0000000000000000E+00
0.0000000000000000E+00
3.0093065159594717E-01
7.0029954976901576E-01
1.1649358654120519E+00
1.6755639424825179E+00
2.2235851337841308E+00
2.7998270868508262E+00
3.3951192927276543E+00
4.0000000000002300E+00
4.6048807072728017E+00
5.2001729131496113E+00
5.7764148662162578E+00
6.3244360575178060E+00
6.8350641345882064E+00
7.2997004502311631E+00
7.6990693484041479E+00
8.0000000000000000E+00
0.0000000000000000E+00
3.3002763004258412E-01
7.5711516892760977E-01
1.2176626537213369E+00
1.7203965464589390E+00
2.2580849511201277E+00
2.8231658045129073E+00
3.4068717637819335E+00
4.0000000000002327E+00
4.5931282362185222E+00
5.1768341954875190E+00
5.7419150488802515E+00
6.2796034535413900E+00
6.7823373462789256E+00
7.2428848310725700E+00
7.6699723699575024E+00
8.0000000000000000E+00
0.0000000000000000E+00
4.5067835257942185E-01
8.4647459758287924E-01
1.2929108230445101E+00
1.7797061986698413E+00
2.3024368022409560E+00
2.8526860350585350E+00
3.4216293899264540E+00
4.0000000000002309E+00
4.5783706100739918E+00
5.1473139649418860E+00
5.6975631977594183E+00
6.2202938013304854E+00
6.7070891769557504E+00
7.1535254024173094E+00
7.5493216474206744E+00
8.0000000000000000E+00
0.0000000000000000E+00
4.0842384235386042E-01
7.8724366030766790E-01
1.2349468517463831E+00
1.7293438492775632E+00
2.2627559257019909E+00
2.8254187176505252E+00
3.4077661537862118E+00
4.0000000000002309E+00
4.5922338462142420E+00
5.1745812823499033E+00
5.7372440742983954E+00
6.2706561507227638E+00
6.7650531482538705E+00
7.2127563396925085E+00
7.5915761576462284E+00
8.0000000000000000E+00
0.0000000000000000E+00
2.9878604368655076E-01
7.0344201741266799E-01
1.1632124006844475E+00
1.6723007339633582E+00
2.2198910687375197E+00
2.7968144586161867E+00
3.3934477855121266E+00
4.0000000000002318E+00
4.6065522144883344E+00
5.2031855413842472E+00
5.7801089312628706E+00
6.3276992660369729E+00
6.8367875993157998E+00
7.2965579825875002E+00
7.7012139563135289E+00
8.0000000000000000E+00
0.0000000000000000E+00
2.7130415218974890E-01
6.5114950282445805E-01
1.1137253834173468E+00
1.6296366009346515E+00
2.1867979361421370E+00
2.7743265769509171E+00
3.3820980046575806E+00
4.0000000000002389E+00
4.6179019953428799E+00
5.2256734230495141E+00
5.8132020638582453E+00
6.3703633990656749E+00
6.8862746165829050E+00
7.3488504971757083E+00
7.7286958478103323E+00
8.0000000000000000E+00
0.0000000000000000E+00
2.6723894771048401E-01
6.3185330660523287E-01
1.0858732506793118E+00
1.6021903715119288E+00
2.1638106290407002E+00
2.7581003774173212E+00
3.3737510220699400E+00
4.0000000000002371E+00
4.6262489779305209E+00
5.2418996225831078E+00
5.8361893709596853E+00
6.3978096284883907E+00
6.9141267493209408E+00
7.3681466933949347E+00
7.7327610522895993E+00
8.0000000000000000E+00
0.0000000000000000E+00
2.6942387825485270E-01
6.2693499627132321E-01
1.0737059361753720E+00
1.5870260969466385E+00
2.1497466028541616E+00
2.7476136056203191E+00
3.3682148881928859E+00
4.0000000000002363E+00
4.6317851118075737E+00
5.2523863943801095E+00
5.8502533971462203E+00
6.4129739030536808E+00
6.9262940638248764E+00
7.3730650037288461E+00
7.7305761217452353E+00
8.0000000000000000E+00
0.0000000000000000E+00
2.7228241891388694E-01
6.2692556728809778E-01
1.0694386347825928E+00
1.5801213184290748E+00
2.1425345425167470E+00
2.7419279658417901E+00
3.3651313850653017E+00
4.0000000000002265E+00
4.6348686149351588E+00
5.2580720341586416E+00
5.8574654574836345E+00
6.4198786815712445E+00
6.9305613652176552E+00
7.3730744327120705E+00
7.7277175810862007E+00
8.0000000000000000E+00
0.0000000000000000E+00
2.7345211199435038E-01
6.2736321941230011E-01
1.0685085779031225E+00
1.5782063376421742E+00
2.1403687478625848E+00
2.7401519343496665E+00
3.3641516973126149E+00
4.0000000000002327E+00
4.6358483026878474E+00
5.2598480656507682E+00
5.8596312521377962E+00
6.4217936623581551E+00
6.9314914220971211E+00
7.3726367805878654E+00
7.7265478880057366E+00
8.0000000000000000E+00
0.0000000000000000E+00
2.7228241891388677E-01
6.2692556728809745E-01
1.0694386347825917E+00
1.5801213184290726E+00
2.1425345425167452E+00
2.7419279658417892E+00
3.3651313850653004E+00
4.0000000000002345E+00
4.6348686149351579E+00
5.2580720341586389E+00
5.8574654574836371E+00
6.4198786815712490E+00
6.9305613652176561E+00
7.3730744327120732E+00
7.7277175810862051E+00
8.0000000000000000E+00
0.0000000000000000E+00
2.6942387825485209E-01
6.2693499627132265E-01
1.0737059361753707E+00
1.5870260969466359E+00
2.1497466028541576E+00
2.7476136056203173E+00
3.3682148881928842E+00
4.0000000000002354E+00
4.6317851118075763E+00
5.2523863943801103E+00
5.8502533971462221E+00
6.4129739030536843E+00
6.9262940638248791E+00
7.3730650037288532E+00
7.7305761217452389E+00
8.0000000000000000E+00
0.0000000000000000E+00
2.6723894771048368E-01
6.3185330660523176E-01
1.0858732506793105E+00
1.6021903715119263E+00
2.1638106290406971E+00
2.7581003774173176E+00
3.3737510220699383E+00
4.0000000000002407E+00
4.6262489779305218E+00
5.2418996225831114E+00
5.8361893709596879E+00
6.3978096284884023E+00
6.9141267493209444E+00
7.3681466933949435E+00
7.7327610522896064E+00
8.0000000000000000E+00
0.0000000000000000E+00
2.7130415218974824E-01
6.5114950282445649E-01
1.1137253834173446E+00
1.6296366009346466E+00
2.1867979361421352E+00
2.7743265769509144E+00
3.3820980046575788E+00
4.0000000000002354E+00
4.6179019953428861E+00
5.2256734230495185E+00
5.8132020638582533E+00
6.3703633990656865E+00
6.8862746165829112E+00
7.3488504971757145E+00
7.7286958478103367E+00
8.0000000000000000E+00
0.0000000000000000E+00
2.9878604368655010E-01
7.0344201741266643E-01
1.1632124006844440E+00
1.6723007339633542E+00
2.2198910687375157E+00
2.7968144586161841E+00
3.3934477855121248E+00
4.0000000000002345E+00
4.6065522144883362E+00
5.2031855413842516E+00
5.7801089312628724E+00
6.3276992660369755E+00
6.8367875993158176E+00
7.2965579825875038E+00
7.7012139563135342E+00
8.0000000000000000E+00
0.0000000000000000E+00
4.0842384235385959E-01
7.8724366030766546E-01
1.2349468517463793E+00
1.7293438492775597E+00
2.2627559257019874E+00
2.8254187176505212E+00
3.4077661537862083E+00
4.0000000000002300E+00
4.5922338462142420E+00
5.1745812823499122E+00
5.7372440742983954E+00
6.2706561507227709E+00
6.7650531482538794E+00
7.2127563396925067E+00
7.5915761576462346E+00
8.0000000000000000E+00
0.0000000000000000E+00
3.1227709758810757E-01
6.9928988992710139E-01
1.1567704656852258E+00
1.6642666417724772E+00
2.2124865114318459E+00
2.7912312413015297E+00
3.3904712783102395E+00
4.0000000000002363E+00
4.6095287216902268E+00
5.2087687586989082E+00
5.7875134885685426E+00
6.3357333582278503E+00
6.8432295343150278E+00
7.3007101100730658E+00
7.6877229024119655E+00
8.0000000000000000E+00
0.0000000000000000E+00
2.1205041943000691E-01
6.1756451662870115E-01
1.0867916500045147E+00
1.6084105039499472E+00
2.1705146787126983E+00
2.7632184023837874E+00
3.3764496856986677E+00
4.0000000000002451E+00
4.6235503143018022E+00
5.2367815976166527E+00
5.8294853212876943E+00
6.3915894960503801E+00
6.9132083499957355E+00
7.3824354833714638E+00
7.7879495805700598E+00
8.0000000000000000E+00
0.0000000000000000E+00
1.8326865812195597E-01
5.6581200965625222E-01
1.0367445568110583E+00
1.5653631741434317E+00
2.1371497320285031E+00
2.7405775829289825E+00
3.3650316914678471E+00
4.0000000000002416E+00
4.6349683085326250E+00
5.2594224170714563E+00
5.8628502679718899E+00
6.4346368258568898E+00
6.9632554431891851E+00
7.4341879903439070E+00
7.8167313418781159E+00
8.0000000000000000E+00
0.0000000000000000E+00
1.7861673504508946E-01
5.4532825045833666E-01
1.0076519234270895E+00
1.5366354312826394E+00
2.1131528631969729E+00
2.7236708013837978E+00
3.3563470321310351E+00
4.0000000000002398E+00
4.6436529678694329E+00
5.2763291986166410E+00
5.8868471368034125E+00
6.4633645687176822E+00
6.9923480765731476E+00
7.4546717495418333E+00
7.8213832649549841E+00
8.0000000000000000E+00
0.0000000000000000E+00
1.8145522135363823E-01
5.3996003821867589E-01
9.9450983257612113E-01
1.5203628235364324E+00
2.0980970950852478E+00
2.7124739286312489E+00
3.3504454729228019E+00
4.0000000000002398E+00
4.6495545270776617E+00
5.2875260713691867E+00
5.9019029049151346E+00
6.4796371764638847E+00
7.0054901674241208E+00
7.4600399617814892E+00
7.8185447786464417E+00
8.0000000000000000E+00
0.0000000000000000E+00
1.8509144911039233E-01
5.4001428235017923E-01
9.8980031566598936E-01
1.5128061029965858E+00
2.0902501635250248E+00
2.7063078175472870E+00
3.3471081503483981E+00
4.0000000000002407E+00
4.6528918496520646E+00
5.2936921824531451E+00
5.9097498364753580E+00
6.4871938970037268E+00
7.0101996843342516E+00
7.4599857176499853E+00
7.8149085508896912E+00
8.0000000000000000E+00
0.0000000000000000E+00
1.8658199161606970E-01
5.4053417804603943E-01
9.8876108768162729E-01
1.5106868127634079E+00
2.0878724131378674E+00
2.7043668435135695E+00
3.3460398689939859E+00
4.0000000000002425E+00
4.6539601310064782E+00
5.2956331564868577E+00
5.9121275868625194E+00
6.4893131872369025E+00
7.0112389123186123E+00
7.4594658219541277E+00
7.8134180083840183E+00
8.0000000000000000E+00
0.0000000000000000E+00
1.8509144911039196E-01
5.4001428235017879E-01
9.8980031566598881E-01
1.5128061029965860E+00
2.0902501635250235E+00
2.7063078175472852E+00
3.3471081503483990E+00
4.0000000000002345E+00
4.6528918496520655E+00
5.2936921824531487E+00
5.9097498364753616E+00
6.4871938970037322E+00
7.0101996843342596E+00
7.4599857176500004E+00
7.8149085508896956E+00
8.0000000000000000E+00
0.0000000000000000E+00
1.8145522135363767E-01
5.3996003821867466E-01
9.9450983257612013E-01
1.5203628235364317E+00
2.0980970950852451E+00
2.7124739286312467E+00
3.3504454729228019E+00
4.0000000000002354E+00
4.6495545270776608E+00
5.2875260713691858E+00
5.9019029049151372E+00
6.4796371764638909E+00
7.0054901674241297E+00
7.4600399617814954E+00
7.8185447786464470E+00
8.0000000000000000E+00
0.0000000000000000E+00
1.7861673504508818E-01
5.4532825045833511E-01
1.0076519234270873E+00
1.5366354312826365E+00
2.1131528631969698E+00
2.7236708013837929E+00
3.3563470321310316E+00
4.0000000000002416E+00
4.6436529678694312E+00
5.2763291986166392E+00
5.8868471368034099E+00
6.4633645687176822E+00
6.9923480765731618E+00
7.4546717495418315E+00
7.8213832649549886E+00
8.0000000000000000E+00
0.0000000000000000E+00
1.8326865812195517E-01
5.6581200965625034E-01
1.0367445568110552E+00
1.5653631741434284E+00
2.1371497320284965E+00
2.7405775829289762E+00
3.3650316914678404E+00
4.0000000000002442E+00
4.6349683085326223E+00
5.2594224170714616E+00
5.8628502679718926E+00
6.4346368258568960E+00
6.9632554431891958E+00
7.4341879903439141E+00
7.8167313418781177E+00
8.0000000000000000E+00
0.0000000000000000E+00
2.1205041943000622E-01
6.1756451662869938E-01
1.0867916500045112E+00
1.6084105039499421E+00
2.1705146787126925E+00
2.7632184023837802E+00
3.3764496856986623E+00
4.0000000000002389E+00
4.6235503143018057E+00
5.2367815976166581E+00
5.8294853212876943E+00
6.3915894960503907E+00
6.9132083499957373E+00
7.3824354833714683E+00
7.7879495805700634E+00
8.0000000000000000E+00
0.0000000000000000E+00
3.1227709758810690E-01
6.9928988992709984E-01
1.1567704656852222E+00
1.6642666417724727E+00
2.2124865114318424E+00
2.7912312413015234E+00
3.3904712783102324E+00
4.0000000000002336E+00
4.6095287216902294E+00
5.2087687586989109E+00
5.7875134885685435E+00
6.3357333582278557E+00
6.8432295343150269E+00
7.3007101100730685E+00
7.6877229024119718E+00
8.0000000000000000E+00
