0.0000000000000000E+00
5.1491836190488827E-01
9.4048715950430695E-01
1.4026760164976908E+00
1.8822515118935244E+00
2.3887585716247659E+00
2.9140095543913627E+00
3.4535286074567417E+00
3.9999999999998344E+00
4.5464713925429541E+00
5.0859904456083465E+00
5.6112414283749699E+00
6.1177484881062343E+00
6.5973239835021156E+00
7.0595128404955556E+00
7.4850816380950445E+00
8.0000000000000000E+00
0.0000000000000000E+00
3.7459023766539712E-01
8.3574378010890249E-01
1.3070452352371809E+00
1.8089095407181595E+00
2.3332095622420019E+00
2.8774705533835139E+00
3.4352170861678779E+00
3.9999999999998388E+00
4.5647829138318139E+00
5.1225294466161921E+00
5.6667904377577356E+00
6.1910904592815958E+00
6.6929547647626313E+00
7.1642562198909561E+00
7.6254097623345469E+00
8.0000000000000000E+00
0.0000000000000000E+00
3.3154749596563610E-01
7.5464509160078297E-01
1.2376859047320239E+00
1.7498683578523295E+00
2.2887853444186628E+00
2.8476214826040951E+00
3.4202889022113343E+00
3.9999999999998366E+00
4.5797110977883557E+00
5.1523785173956078E+00
5.7112146555810730E+00
6.2501316421474336E+00
6.7623140952677900E+00
7.2453549083990847E+00
7.6684525040343035E+00
8.0000000000000000E+00
0.0000000000000000E+00
3.1742846517363910E-01
7.2414500366195189E-01
1.1958724905064111E+00
1.7111775724974556E+00
2.2569562508674097E+00
2.8256221517342825E+00
3.4090539353544824E+00
3.9999999999998406E+00
4.5909460646452098E+00
5.1743778482654257E+00
5.7430437491323278E+00
6.2888224275023097E+00
6.8041275094934042E+00
7.2758549963379160E+00
7.6825715348262982E+00
8.0000000000000000E+00
0.0000000000000000E+00
3.1577390863512628E-01
7.1229995641570099E-01
1.1757522235303404E+00
1.6879370963719098E+00
2.2368454223730261E+00
2.8109062603155213E+00
3.4014485531915510E+00
3.9999999999998344E+00
4.5985514468081421E+00
5.1890937396841839E+00
5.7631545776267128E+00
6.3120629036278570E+00
6.8242477764694804E+00
7.2877000435841675E+00
7.6842260913648079E+00
8.0000000000000000E+00
0.0000000000000000E+00
3.1683763320854119E-01
7.0894794219231472E-01
1.1669720638224090E+00
1.6768214219788047E+00
2.2261041317777592E+00
2.8027991828487191E+00
3.3971371863326381E+00
3.9999999999998361E+00
4.6028628136670493E+00
5.1972008171509856E+00
5.7738958682219890E+00
6.3231785780209631E+00
6.8330279361774178E+00
7.2910520578075602E+00
7.6831623667914002E+00
8.0000000000000000E+00
0.0000000000000000E+00
3.1771500630581345E-01
7.0851089211055873E-01
1.1648386469081937E+00
1.6736098597538345E+00
2.2228914073215962E+00
2.8002299805399700E+00
3.3957726568567050E+00
3.9999999999998348E+00
4.6042273431429814E+00
5.1997700194597414E+00
5.7771085926781396E+00
6.3263901402459330E+00
6.8351613530916362E+00
7.2914891078893316E+00
7.6822849936941244E+00
8.0000000000000000E+00
0.0000000000000000E+00
3.1683763320854114E-01
7.0894794219231472E-01
1.1669720638224093E+00
1.6768214219788045E+00
2.2261041317777615E+00
2.8027991828487204E+00
3.3971371863326429E+00
3.9999999999998392E+00
4.6028628136670520E+00
5.1972008171509847E+00
5.7738958682219801E+00
6.3231785780209648E+00
6.8330279361774133E+00
7.2910520578075593E+00
7.6831623667913984E+00
8.0000000000000000E+00
0.0000000000000000E+00
3.1577390863512589E-01
7.1229995641570076E-01
1.1757522235303401E+00
1.6879370963719087E+00
2.2368454223730301E+00
2.8109062603155248E+00
3.4014485531915533E+00
3.9999999999998397E+00
4.5985514468081394E+00
5.1890937396841812E+00
5.7631545776267084E+00
6.3120629036278570E+00
6.8242477764694742E+00
7.2877000435841683E+00
7.6842260913648097E+00
8.0000000000000000E+00
0.0000000000000000E+00
3.1742846517363910E-01
7.2414500366195167E-01
1.1958724905064100E+00
1.7111775724974578E+00
2.2569562508674155E+00
2.8256221517342888E+00
3.4090539353544873E+00
3.9999999999998410E+00
4.5909460646452054E+00
5.1743778482654177E+00
5.7430437491323287E+00
6.2888224275023035E+00
6.8041275094933997E+00
7.2758549963379142E+00
7.6825715348263017E+00
8.0000000000000000E+00
0.0000000000000000E+00
3.3154749596563621E-01
7.5464509160078375E-01
1.2376859047320210E+00
1.7498683578523337E+00
2.2887853444186694E+00
2.8476214826041026E+00
3.4202889022113432E+00
3.9999999999998370E+00
4.5797110977883442E+00
5.1523785173956052E+00
5.7112146555810641E+00
6.2501316421474238E+00
6.7623140952677865E+00
7.2453549083990785E+00
7.6684525040343008E+00
8.0000000000000000E+00
0.0000000000000000E+00
3.7459023766539662E-01
8.3574378010890205E-01
1.3070452352371815E+00
1.8089095407181648E+00
2.3332095622420077E+00
2.8774705533835205E+00
3.4352170861678850E+00
3.9999999999998344E+00
4.5647829138318059E+00
5.1225294466161797E+00
5.6667904377577312E+00
6.1910904592815923E+00
6.6929547647626277E+00
7.1642562198909561E+00
7.6254097623345434E+00
8.0000000000000000E+00
0.0000000000000000E+00
5.1491836190488771E-01
9.4048715950430672E-01
1.4026760164976932E+00
1.8822515118935299E+00
2.3887585716247703E+00
2.9140095543913720E+00
3.4535286074567462E+00
3.9999999999998446E+00
4.5464713925429479E+00
5.0859904456083376E+00
5.6112414283749681E+00
6.1177484881062405E+00
6.5973239835021138E+00
7.0595128404955574E+00
7.4850816380950400E+00
8.0000000000000000E+00
0.0000000000000000E+00
5.1457859298765463E-01
9.4015982436230972E-01
1.4023505697539669E+00
1.8819686394236832E+00
2.3885269000712639E+00
2.9138456144063039E+00
3.4534431603218998E+00
3.9999999999998423E+00
4.5465568396777876E+00
5.0861543855934075E+00
5.6114730999284674E+00
6.1180313605760857E+00
6.5976494302458324E+00
7.0598401756375484E+00
7.4854214070122662E+00
8.0000000000000000E+00
0.0000000000000000E+00
3.7454372358249316E-01
8.3566909501885145E-01
1.3069728149851754E+00
1.8088387327348510E+00
2.3331461421826529E+00
2.8774214094446431E+00
3.4351901682758368E+00
3.9999999999998330E+00
4.5648098317238448E+00
5.1225785905550625E+00
5.6668538578170704E+00
6.1911612672649117E+00
6.6930271850146195E+00
7.1643309049810133E+00
7.6254562764174354E+00
8.0000000000000000E+00
0.0000000000000000E+00
3.3162447926180438E-01
7.5473173964204510E-01
1.2377592899912193E+00
1.7499225355546240E+00
2.2888184821151389E+00
2.8476382197150212E+00
3.4202952572677541E+00
3.9999999999998379E+00
4.5797047427319288E+00
5.1523617802846839E+00
5.7111815178845831E+00
6.2500774644451331E+00
6.7622407100085766E+00
7.2452682603578182E+00
7.6683755207381221E+00
8.0000000000000000E+00
0.0000000000000000E+00
3.1758409239601970E-01
7.2434006920699912E-01
1.1960587410288570E+00
1.7113286262369023E+00
2.2570656607773190E+00
2.8256906344751114E+00
3.4090864534037006E+00
3.9999999999998344E+00
4.5909135465959814E+00
5.1743093655245902E+00
5.7429343392224039E+00
6.2886713737628552E+00
6.8039412589709380E+00
7.2756599307928633E+00
7.6824159076039056E+00
8.0000000000000000E+00
0.0000000000000000E+00
3.1597498444503741E-01
7.1256520005552582E-01
1.1760144584097403E+00
1.6881577960978715E+00
2.2370099847795939E+00
2.8110127362290669E+00
3.4015002690368381E+00
3.9999999999998397E+00
4.5984997309628426E+00
5.1889872637706391E+00
5.7629900152201321E+00
6.3118422039018913E+00
6.8239855415900568E+00
7.2874347999443412E+00
7.6840250155548881E+00
8.0000000000000000E+00
0.0000000000000000E+00
3.1706268032976220E-01
7.0925175506325688E-01
1.1672782032808069E+00
1.6770831263035437E+00
2.2263020971645027E+00
2.8029287912551260E+00
3.3972006830069268E+00
3.9999999999998397E+00
4.6027993169927548E+00
5.1970712087445765E+00
5.7736979028352238E+00
6.3229168736962222E+00
6.8327217967189977E+00
7.2907482449366130E+00
7.6829373196701649E+00
8.0000000000000000E+00
0.0000000000000000E+00
3.1794746082155451E-01
7.0882710635899970E-01
1.1651590994048244E+00
1.6738853325487533E+00
2.2231006437514571E+00
2.8003675195892228E+00
3.3958401822913542E+00
3.9999999999998468E+00
4.6041598177083243E+00
5.1996324804104743E+00
5.7768993562482747E+00
6.3261146674510176E+00
6.8348409005949780E+00
7.2911728936408835E+00
7.6820525391783709E+00
8.0000000000000000E+00
0.0000000000000000E+00
3.1706268032976204E-01
7.0925175506325711E-01
1.1672782032808073E+00
1.6770831263035453E+00
2.2263020971645049E+00
2.8029287912551286E+00
3.3972006830069286E+00
3.9999999999998437E+00
4.6027993169927512E+00
5.1970712087445730E+00
5.7736979028352264E+00
6.3229168736962222E+00
6.8327217967189995E+00
7.2907482449366130E+00
7.6829373196701658E+00
8.0000000000000000E+00
0.0000000000000000E+00
3.1597498444503741E-01
7.1256520005552548E-01
1.1760144584097412E+00
1.6881577960978740E+00
2.2370099847795979E+00
2.8110127362290696E+00
3.4015002690368421E+00
3.9999999999998397E+00
4.5984997309628417E+00
5.1889872637706338E+00
5.7629900152201348E+00
6.3118422039018887E+00
6.8239855415900692E+00
7.2874347999443385E+00
7.6840250155548899E+00
8.0000000000000000E+00
0.0000000000000000E+00
3.1758409239601953E-01
7.2434006920699878E-01
1.1960587410288572E+00
1.7113286262369054E+00
2.2570656607773225E+00
2.8256906344751180E+00
3.4090864534037055E+00
3.9999999999998344E+00
4.5909135465959761E+00
5.1743093655245840E+00
5.7429343392224039E+00
6.2886713737628552E+00
6.8039412589709460E+00
7.2756599307928642E+00
7.6824159076039038E+00
8.0000000000000000E+00
0.0000000000000000E+00
3.3162447926180422E-01
7.5473173964204388E-01
1.2377592899912206E+00
1.7499225355546266E+00
2.2888184821151429E+00
2.8476382197150314E+00
3.4202952572677590E+00
3.9999999999998428E+00
4.5797047427319235E+00
5.1523617802846760E+00
5.7111815178845822E+00
6.2500774644451287E+00
6.7622407100085757E+00
7.2452682603578156E+00
7.6683755207381248E+00
8.0000000000000000E+00
0.0000000000000000E+00
3.7454372358249277E-01
8.3566909501885134E-01
1.3069728149851760E+00
1.8088387327348538E+00
2.3331461421826583E+00
2.8774214094446537E+00
3.4351901682758470E+00
3.9999999999998423E+00
4.5648098317238395E+00
5.1225785905550518E+00
5.6668538578170633E+00
6.1911612672649001E+00
6.6930271850146168E+00
7.1643309049810098E+00
7.6254562764174327E+00
8.0000000000000000E+00
0.0000000000000000E+00
5.1457859298765374E-01
9.4015982436230927E-01
1.4023505697539673E+00
1.8819686394236854E+00
2.3885269000712697E+00
2.9138456144063118E+00
3.4534431603219109E+00
3.9999999999998463E+00
4.5465568396777805E+00
5.0861543855933942E+00
5.6114730999284612E+00
6.1180313605760706E+00
6.5976494302458280E+00
7.0598401756375466E+00
7.4854214070122636E+00
8.0000000000000000E+00
0.0000000000000000E+00
5.1401192742104507E-01
9.3949686061988247E-01
1.4016889303574835E+00
1.8813652744008909E+00
2.3880187308912122E+00
2.9134767128196328E+00
3.4532481252989937E+00
3.9999999999998317E+00
4.5467518747007052E+00
5.0865232871800705E+00
5.6119812691085178E+00
6.1186347255988682E+00
6.5983110696423166E+00
7.0605031393799731E+00
7.4859880725788850E+00
8.0000000000000000E+00
0.0000000000000000E+00
3.7438184193231466E-01
8.3540676774119471E-01
1.3066968113526924E+00
1.8085623150996977E+00
2.3328956515257473E+00
2.8772280069150349E+00
3.4350845620283392E+00
3.9999999999998477E+00
4.5649154379713490E+00
5.1227719930846662E+00
5.6671043484739823E+00
6.1914376849000528E+00
6.6933031886471124E+00
7.1645932322586576E+00
7.6256181580676214E+00
8.0000000000000000E+00
0.0000000000000000E+00
3.3179100626457653E-01
7.5491298725852751E-01
1.2378875609226681E+00
1.7499910044287150E+00
2.2888350480035768E+00
2.8476265386027824E+00
3.4202814532525436E+00
3.9999999999998352E+00
4.5797185467471451E+00
5.1523734613969161E+00
5.7111649519961460E+00
6.2500089955710383E+00
6.7621124390771339E+00
7.2450870127413305E+00
7.6682089937353570E+00
8.0000000000000000E+00
0.0000000000000000E+00
3.1796026220168694E-01
7.2483213018691917E-01
1.1965102316235334E+00
1.7116787628836698E+00
2.2573041589352627E+00
2.8258303972513454E+00
3.4091492531988705E+00
3.9999999999998361E+00
4.5908507468008164E+00
5.1741696027483535E+00
5.7426958410644611E+00
6.2883212371160795E+00
6.8034897683762710E+00
7.2751678698129378E+00
7.6820397377982435E+00
8.0000000000000000E+00
0.0000000000000000E+00
3.1648216076576419E-01
7.1326319900425361E-01
1.1766915937548055E+00
1.6887152429098977E+00
2.2374135534549127E+00
2.8112663427420408E+00
3.4016207253618567E+00
3.9999999999998317E+00
4.5983792746378320E+00
5.1887336572576528E+00
5.7625864465448151E+00
6.3112847570898509E+00
6.8233084062449958E+00
7.2867368009956124E+00
7.6835178392341641E+00
8.0000000000000000E+00
0.0000000000000000E+00
3.1764017179145515E-01
7.1006484845455153E-01
1.1680868060396647E+00
1.6777644409303698E+00
2.2268067580024309E+00
2.8032527146598825E+00
3.3973569699754256E+00
3.9999999999998384E+00
4.6026430300242636E+00
5.1967472853398196E+00
5.7731932419973004E+00
6.3222355590693882E+00
6.8319131939601423E+00
7.2899351515453139E+00
7.6823598282084804E+00
8.0000000000000000E+00
0.0000000000000000E+00
3.1854683700110858E-01
7.0967688695240627E-01
1.1660104709108130E+00
1.6746077841095448E+00
2.2236391906061934E+00
2.8007152913061337E+00
3.3960086223887012E+00
3.9999999999998344E+00
4.6039913776109929E+00
5.1992847086935647E+00
5.7763608093935446E+00
6.3253922158902087E+00
6.8339895290889956E+00
7.2903231130474628E+00
7.6814531629988352E+00
8.0000000000000000E+00
0.0000000000000000E+00
3.1764017179145515E-01
7.1006484845455109E-01
1.1680868060396656E+00
1.6777644409303709E+00
2.2268067580024367E+00
2.8032527146598825E+00
3.3973569699754247E+00
3.9999999999998410E+00
4.6026430300242644E+00
5.1967472853398187E+00
5.7731932419972996E+00
6.3222355590693873E+00
6.8319131939601458E+00
7.2899351515453121E+00
7.6823598282084822E+00
8.0000000000000000E+00
0.0000000000000000E+00
3.1648216076576430E-01
7.1326319900425306E-01
1.1766915937548070E+00
1.6887152429098986E+00
2.2374135534549198E+00
2.8112663427420439E+00
3.4016207253618553E+00
3.9999999999998459E+00
4.5983792746378276E+00
5.1887336572576537E+00
5.7625864465448071E+00
6.3112847570898571E+00
6.8233084062450002E+00
7.2867368009956097E+00
7.6835178392341650E+00
8.0000000000000000E+00
0.0000000000000000E+00
3.1796026220168738E-01
7.2483213018691905E-01
1.1965102316235336E+00
1.7116787628836749E+00
2.2573041589352694E+00
2.8258303972513517E+00
3.4091492531988736E+00
3.9999999999998410E+00
4.5908507468008120E+00
5.1741696027483446E+00
5.7426958410644531E+00
6.2883212371160804E+00
6.8034897683762674E+00
7.2751678698129432E+00
7.6820397377982470E+00
8.0000000000000000E+00
0.0000000000000000E+00
3.3179100626457642E-01
7.5491298725852751E-01
1.2378875609226681E+00
1.7499910044287192E+00
2.2888350480035835E+00
2.8476265386027881E+00
3.4202814532525485E+00
3.9999999999998326E+00
4.5797185467471406E+00
5.1523734613969063E+00
5.7111649519961309E+00
6.2500089955710365E+00
6.7621124390771348E+00
7.2450870127413314E+00
7.6682089937353544E+00
8.0000000000000000E+00
0.0000000000000000E+00
3.7438184193231377E-01
8.3540676774119416E-01
1.3066968113526904E+00
1.8085623150997008E+00
2.3328956515257517E+00
2.8772280069150420E+00
3.4350845620283481E+00
3.9999999999998521E+00
4.5649154379713393E+00
5.1227719930846538E+00
5.6671043484739743E+00
6.1914376849000501E+00
6.6933031886471115E+00
7.1645932322586594E+00
7.6256181580676179E+00
8.0000000000000000E+00
0.0000000000000000E+00
5.1401192742104418E-01
9.3949686061988091E-01
1.4016889303574811E+00
1.8813652744008920E+00
2.3880187308912153E+00
2.9134767128196435E+00
3.4532481252989986E+00
3.9999999999998557E+00
4.5467518747006928E+00
5.0865232871800616E+00
5.6119812691085151E+00
6.1186347255988656E+00
6.5983110696423184E+00
7.0605031393799758E+00
7.4859880725788752E+00
8.0000000000000000E+00
0.0000000000000000E+00
5.1262425929475741E-01
9.3797233433357952E-01
1.4001250276997035E+00
1.8799396215580200E+00
2.3868192664134593E+00
2.9126103940671100E+00
3.4527921023690684E+00
3.9999999999998521E+00
4.5472078976306092E+00
5.0873896059325965E+00
5.6131807335862636E+00
6.1200603784417282E+00
6.5998749723000802E+00
7.0620276656662719E+00
7.4873757407051613E+00
8.0000000000000000E+00
0.0000000000000000E+00
3.7405014748162346E-01
8.3483451443432943E-01
1.3060633763139704E+00
1.8079127545653186E+00
2.3323058202974791E+00
2.8767748465184741E+00
3.4348383577027652E+00
3.9999999999998392E+00
4.5651616422969123E+00
5.1232251534812239E+00
5.6676941797022415E+00
6.1920872454344282E+00
6.6939366236858122E+00
7.1651654855655229E+00
7.6259498525183025E+00
8.0000000000000000E+00
0.0000000000000000E+00
3.3205483606989211E-01
7.5513615550296731E-01
1.2379726841979544E+00
1.7499532400585807E+00
2.2887163959752046E+00
2.8474933257623123E+00
3.4201964976353598E+00
3.9999999999998357E+00
4.5798035023643155E+00
5.1525066742373831E+00
5.7112836040245192E+00
6.2500467599411680E+00
6.7620273158018289E+00
7.2448638444968836E+00
7.6679451639300291E+00
8.0000000000000000E+00
0.0000000000000000E+00
3.1859491847050725E-01
7.2559178692705428E-01
1.1971552133620937E+00
1.7121257370395464E+00
2.2575669104497607E+00
2.8259565530694526E+00
3.4091953426289732E+00
3.9999999999998357E+00
4.5908046573707022E+00
5.1740434469302423E+00
5.7424330895499649E+00
6.2878742629602034E+00
6.8028447866376949E+00
7.2744082130727969E+00
7.6814050815294062E+00
8.0000000000000000E+00
0.0000000000000000E+00
3.1733677084722933E-01
7.1437076567044133E-01
1.1777186765429484E+00
1.6895147111772550E+00
2.2379568371726521E+00
2.8115861342880826E+00
3.4017648045825184E+00
3.9999999999998366E+00
4.5982351954171570E+00
5.1884138657116150E+00
5.7620431628270623E+00
6.3104852888224992E+00
6.8222813234568456E+00
7.2856292343294120E+00
7.6826632291526860E+00
8.0000000000000000E+00
0.0000000000000000E+00
3.1861021637115150E-01
7.1136339957062744E-01
1.1693341238483625E+00
1.6787721644620326E+00
2.2275206576866720E+00
2.8036912978726884E+00
3.3975616444267018E+00
3.9999999999998388E+00
4.6024383555729766E+00
5.1963087021270082E+00
5.7724793423130443E+00
6.3212278355377141E+00
6.8306658761514329E+00
7.2886366004292285E+00
7.6813897836287639E+00
8.0000000000000000E+00
0.0000000000000000E+00
3.1955226110661383E-01
7.1103616823796223E-01
1.1673291899753409E+00
1.6756848521262693E+00
2.2244103845758993E+00
2.8011943598988998E+00
3.3962339338563967E+00
3.9999999999998384E+00
4.6037660661432840E+00
5.1988056401008018E+00
5.7755896154238098E+00
6.3243151478734774E+00
6.8326708100244549E+00
7.2889638317619045E+00
7.6804477388933039E+00
8.0000000000000000E+00
0.0000000000000000E+00
3.1861021637115167E-01
7.1136339957062789E-01
1.1693341238483634E+00
1.6787721644620361E+00
2.2275206576866742E+00
2.8036912978726916E+00
3.3975616444267041E+00
3.9999999999998352E+00
4.6024383555729713E+00
5.1963087021270020E+00
5.7724793423130381E+00
6.3212278355377132E+00
6.8306658761514294E+00
7.2886366004292329E+00
7.6813897836287692E+00
8.0000000000000000E+00
0.0000000000000000E+00
3.1733677084722978E-01
7.1437076567044211E-01
1.1777186765429501E+00
1.6895147111772586E+00
2.2379568371726566E+00
2.8115861342880848E+00
3.4017648045825268E+00
3.9999999999998308E+00
4.5982351954171516E+00
5.1884138657116043E+00
5.7620431628270552E+00
6.3104852888224912E+00
6.8222813234568456E+00
7.2856292343294147E+00
7.6826632291526975E+00
8.0000000000000000E+00
0.0000000000000000E+00
3.1859491847050758E-01
7.2559178692705484E-01
1.1971552133620944E+00
1.7121257370395491E+00
2.2575669104497629E+00
2.8259565530694575E+00
3.4091953426289776E+00
3.9999999999998366E+00
4.5908046573706942E+00
5.1740434469302308E+00
5.7424330895499400E+00
6.2878742629602034E+00
6.8028447866376949E+00
7.2744082130728023E+00
7.6814050815294177E+00
8.0000000000000000E+00
0.0000000000000000E+00
3.3205483606989178E-01
7.5513615550296664E-01
1.2379726841979533E+00
1.7499532400585793E+00
2.2887163959752068E+00
2.8474933257623181E+00
3.4201964976353665E+00
3.9999999999998384E+00
4.5798035023643084E+00
5.1525066742373697E+00
5.7112836040245059E+00
6.2500467599411715E+00
6.7620273158018422E+00
7.2448638444968916E+00
7.6679451639300353E+00
8.0000000000000000E+00
0.0000000000000000E+00
3.7405014748162291E-01
8.3483451443432821E-01
1.3060633763139680E+00
1.8079127545653164E+00
2.3323058202974822E+00
2.8767748465184808E+00
3.4348383577027728E+00
3.9999999999998339E+00
4.5651616422969052E+00
5.1232251534812123E+00
5.6676941797022380E+00
6.1920872454344309E+00
6.6939366236858255E+00
7.1651654855655291E+00
7.6259498525183007E+00
8.0000000000000000E+00
0.0000000000000000E+00
5.1262425929475675E-01
9.3797233433357774E-01
1.4001250276997019E+00
1.8799396215580155E+00
2.3868192664134633E+00
2.9126103940671144E+00
3.4527921023690769E+00
3.9999999999998361E+00
4.5472078976306021E+00
5.0873896059325858E+00
5.6131807335862680E+00
6.1200603784417353E+00
6.5998749723000900E+00
7.0620276656662755E+00
7.4873757407051613E+00
8.0000000000000000E+00
0.0000000000000000E+00
5.1075470407824541E-01
9.3569128361329590E-01
1.3976988176339957E+00
1.8776453867746836E+00
2.3848516332247049E+00
2.9111718482547135E+00
3.4520308665644222E+00
3.9999999999998397E+00
4.5479691334352745E+00
5.0888281517449858E+00
5.6151483667750224E+00
6.1223546132250544E+00
6.6023011823657924E+00
7.0643087163865568E+00
7.4892452959216840E+00
8.0000000000000000E+00
0.0000000000000000E+00
3.7341983749336094E-01
8.3370746738282309E-01
1.3047446055227963E+00
1.8065394669824093E+00
2.3310582088561458E+00
2.8758227041323718E+00
3.4343238210371623E+00
3.9999999999998392E+00
4.5656761789625264E+00
5.1241772958673204E+00
5.6689417911435784E+00
6.1934605330173289E+00
6.6952553944769955E+00
7.1662925326170281E+00
7.6265801625065723E+00
8.0000000000000000E+00
0.0000000000000000E+00
3.3225847941579412E-01
7.5514067055437828E-01
1.2376722837128675E+00
1.7494428690619945E+00
2.2881305290611640E+00
2.8469888493609838E+00
3.4199070410600059E+00
3.9999999999998286E+00
4.5800929589396784E+00
5.1530111506387053E+00
5.7118694709385576E+00
6.2505571309377501E+00
6.7623277162869293E+00
7.2448593294454691E+00
7.6677415205841335E+00
8.0000000000000000E+00
0.0000000000000000E+00
3.1931327046029279E-01
7.2635754828031718E-01
1.1976534712902369E+00
1.7123099442431269E+00
2.2575273702292789E+00
2.8258237648648028E+00
3.4090935163581544E+00
3.9999999999998317E+00
4.5909064836415263E+00
5.1741762351348797E+00
5.7424726297704431E+00
6.2876900557566291E+00
6.8023465287095677E+00
7.2736424517195362E+00
7.6806867295396364E+00
8.0000000000000000E+00
0.0000000000000000E+00
3.1836100247689697E-01
7.1562573445388089E-01
1.1787603007266125E+00
1.6902030906191277E+00
2.2383199507556344E+00
2.8117317169363267E+00
3.4018039568844585E+00
3.9999999999998361E+00
4.5981960431152196E+00
5.1882682830633566E+00
5.7616800492440872E+00
6.3097969093806290E+00
6.8212396992731952E+00
7.2843742655459707E+00
7.6816389975230264E+00
8.0000000000000000E+00
0.0000000000000000E+00
3.1979439136849425E-01
7.1288592943354989E-01
1.1706880762415703E+00
1.6797585779077964E+00
2.2281291526077149E+00
2.8040083526847561E+00
3.3976883685747290E+00
3.9999999999998397E+00
4.6023116314249517E+00
5.1959916473149352E+00
5.7718708473920017E+00
6.3202414220919572E+00
6.8293119237582314E+00
7.2871140705663002E+00
7.6802056086314190E+00
8.0000000000000000E+00
0.0000000000000000E+00
3.2078510471638755E-01
7.1264286106572539E-01
1.1687837447984473E+00
1.6767698058709890E+00
2.2251009242154383E+00
2.8015696142085376E+00
3.3963903985981867E+00
3.9999999999998459E+00
4.6036096014014927E+00
5.1984303857911547E+00
5.7748990757842664E+00
6.3232301941287679E+00
6.8312162552013387E+00
7.2873571389341274E+00
7.6792148952835166E+00
8.0000000000000000E+00
0.0000000000000000E+00
3.1979439136849402E-01
7.1288592943355067E-01
1.1706880762415697E+00
1.6797585779077968E+00
2.2281291526077176E+00
2.8040083526847592E+00
3.3976883685747294E+00
3.9999999999998384E+00
4.6023116314249464E+00
5.1959916473149228E+00
5.7718708473920000E+00
6.3202414220919501E+00
6.8293119237582252E+00
7.2871140705662922E+00
7.6802056086314270E+00
8.0000000000000000E+00
0.0000000000000000E+00
3.1836100247689675E-01
7.1562573445388045E-01
1.1787603007266128E+00
1.6902030906191292E+00
2.2383199507556357E+00
2.8117317169363303E+00
3.4018039568844607E+00
3.9999999999998392E+00
4.5981960431152116E+00
5.1882682830633549E+00
5.7616800492440783E+00
6.3097969093806263E+00
6.8212396992731810E+00
7.2843742655459636E+00
7.6816389975230344E+00
8.0000000000000000E+00
0.0000000000000000E+00
3.1931327046029229E-01
7.2635754828031696E-01
1.1976534712902358E+00
1.7123099442431253E+00
2.2575273702292815E+00
2.8258237648648081E+00
3.4090935163581570E+00
3.9999999999998379E+00
4.5909064836415201E+00
5.1741762351348761E+00
5.7424726297704352E+00
6.2876900557566247E+00
6.8023465287095650E+00
7.2736424517195353E+00
7.6806867295396364E+00
8.0000000000000000E+00
0.0000000000000000E+00
3.3225847941579334E-01
7.5514067055437750E-01
1.2376722837128651E+00
1.7494428690619905E+00
2.2881305290611644E+00
2.8469888493609874E+00
3.4199070410600112E+00
3.9999999999998215E+00
4.5800929589396695E+00
5.1530111506386946E+00
5.7118694709385451E+00
6.2505571309377626E+00
6.7623277162869408E+00
7.2448593294454797E+00
7.6677415205841317E+00
8.0000000000000000E+00
0.0000000000000000E+00
3.7341983749336033E-01
8.3370746738282209E-01
1.3047446055227927E+00
1.8065394669824058E+00
2.3310582088561422E+00
2.8758227041323763E+00
3.4343238210371654E+00
3.9999999999998344E+00
4.5656761789625149E+00
5.1241772958673160E+00
5.6689417911435784E+00
6.1934605330173502E+00
6.6952553944770061E+00
7.1662925326170317E+00
7.6265801625065688E+00
8.0000000000000000E+00
0.0000000000000000E+00
5.1075470407824497E-01
9.3569128361329468E-01
1.3976988176339908E+00
1.8776453867746783E+00
2.3848516332247001E+00
2.9111718482547175E+00
3.4520308665644253E+00
3.9999999999998397E+00
4.5479691334352630E+00
5.0888281517449823E+00
5.6151483667750242E+00
6.1223546132250810E+00
6.6023011823658058E+00
7.0643087163865603E+00
7.4892452959216698E+00
8.0000000000000000E+00
0.0000000000000000E+00
5.0755472720139494E-01
9.3178564088611926E-01
1.3934485060153403E+00
1.8735980568729831E+00
2.3813783478190396E+00
2.9086375608159067E+00
3.4506935325134460E+00
3.9999999999998361E+00
4.5493064674862289E+00
5.0913624391837864E+00
5.6186216521806793E+00
6.1264019431267620E+00
6.6065514939844467E+00
7.0682143591137310E+00
7.4924452727985260E+00
8.0000000000000000E+00
0.0000000000000000E+00
3.7231855860525676E-01
8.3164397239258125E-01
1.3022491978184036E+00
1.8039174465604813E+00
2.3286826815568524E+00
2.8740211724106386E+00
3.4333550136050519E+00
3.9999999999998335E+00
4.5666449863946159E+00
5.1259788275890514E+00
5.6713173184428554E+00
6.1960825534392612E+00
6.6977508021813827E+00
7.1683560276072740E+00
7.6276814413946719E+00
8.0000000000000000E+00
0.0000000000000000E+00
3.3231553957545884E-01
7.5464673688129302E-01
1.2365730282049390E+00
1.7479950617249513E+00
2.2866472267200382E+00
2.8457871899958445E+00
3.4192385235350500E+00
3.9999999999998375E+00
4.5807614764646152E+00
5.1542128100038429E+00
5.7133527732796727E+00
6.2520049382747969E+00
6.7634269717948463E+00
7.2453532631185693E+00
7.6676844604244732E+00
8.0000000000000000E+00
0.0000000000000000E+00
3.2004777766062575E-01
7.2686851427052346E-01
1.1976161054943706E+00
1.7117835603641844E+00
2.2567677657436866E+00
2.8251130110255462E+00
3.4086724520112379E+00
3.9999999999998308E+00
4.5913275479884303E+00
5.1748869889741389E+00
5.7432322342560251E+00
6.2882164396355655E+00
6.8023838945054207E+00
7.2731314857293325E+00
7.6799522223392938E+00
8.0000000000000000E+00
0.0000000000000000E+00
3.1947691270926115E-01
7.1676566773104833E-01
1.1794317101325735E+00
1.6903416915131562E+00
2.2380929856171385E+00
2.8113901058275070E+00
3.4015698354620030E+00
3.9999999999998352E+00
4.5984301645376711E+00
5.1886098941721812E+00
5.7619070143825750E+00
6.3096583084865996E+00
6.8205682898672224E+00
7.2832343322688047E+00
7.6805230872906574E+00
8.0000000000000000E+00
0.0000000000000000E+00
3.2110203600949738E-01
7.1436063048790988E-01
1.1717603877462401E+00
1.6802852916150091E+00
2.2282248801700839E+00
2.8038932836552179E+00
3.3975702405561607E+00
3.9999999999998384E+00
4.6024297594435133E+00
5.1961067163444667E+00
5.7717751198296261E+00
6.3197147083847440E+00
6.8282396122535536E+00
7.2856393695119417E+00
7.6788979639904147E+00
8.0000000000000000E+00
0.0000000000000000E+00
3.2214928363818918E-01
7.1422194257370708E-01
1.1699841525961636E+00
1.6774247498534911E+00
2.2253045252027381E+00
2.8015316985292991E+00
3.3963117854352580E+00
3.9999999999998357E+00
4.6036882145644178E+00
5.1984683014703768E+00
5.7746954747969728E+00
6.3225752501462580E+00
6.8300158474036277E+00
7.2857780574261506E+00
7.6778507163617125E+00
8.0000000000000000E+00
0.0000000000000000E+00
3.2110203600949705E-01
7.1436063048790999E-01
1.1717603877462401E+00
1.6802852916150091E+00
2.2282248801700866E+00
2.8038932836552215E+00
3.3975702405561630E+00
3.9999999999998361E+00
4.6024297594435080E+00
5.1961067163444632E+00
5.7717751198296208E+00
6.3197147083847387E+00
6.8282396122535509E+00
7.2856393695119399E+00
7.6788979639904156E+00
8.0000000000000000E+00
0.0000000000000000E+00
3.1947691270926082E-01
7.1676566773104833E-01
1.1794317101325724E+00
1.6903416915131564E+00
2.2380929856171430E+00
2.8113901058275106E+00
3.4015698354620043E+00
3.9999999999998290E+00
4.5984301645376666E+00
5.1886098941721732E+00
5.7619070143825706E+00
6.3096583084865916E+00
6.8205682898672233E+00
7.2832343322688029E+00
7.6805230872906645E+00
8.0000000000000000E+00
0.0000000000000000E+00
3.2004777766062520E-01
7.2686851427052224E-01
1.1976161054943684E+00
1.7117835603641833E+00
2.2567677657436893E+00
2.8251130110255493E+00
3.4086724520112397E+00
3.9999999999998335E+00
4.5913275479884250E+00
5.1748869889741336E+00
5.7432322342560216E+00
6.2882164396355646E+00
6.8023838945054163E+00
7.2731314857293281E+00
7.6799522223392982E+00
8.0000000000000000E+00
0.0000000000000000E+00
3.3231553957545834E-01
7.5464673688129147E-01
1.2365730282049356E+00
1.7479950617249496E+00
2.2866472267200391E+00
2.8457871899958471E+00
3.4192385235350518E+00
3.9999999999998366E+00
4.5807614764646161E+00
5.1542128100038402E+00
5.7133527732796789E+00
6.2520049382747898E+00
6.7634269717948516E+00
7.2453532631185622E+00
7.6676844604244678E+00
8.0000000000000000E+00
0.0000000000000000E+00
3.7231855860525631E-01
8.3164397239257937E-01
1.3022491978184010E+00
1.8039174465604781E+00
2.3286826815568520E+00
2.8740211724106413E+00
3.4333550136050599E+00
3.9999999999998286E+00
4.5666449863946141E+00
5.1259788275890488E+00
5.6713173184428589E+00
6.1960825534392709E+00
6.6977508021813863E+00
7.1683560276072704E+00
7.6276814413946683E+00
8.0000000000000000E+00
0.0000000000000000E+00
5.0755472720139405E-01
9.3178564088611715E-01
1.3934485060153372E+00
1.8735980568729806E+00
2.3813783478190391E+00
2.9086375608159116E+00
3.4506935325134558E+00
3.9999999999998352E+00
4.5493064674862262E+00
5.0913624391837846E+00
5.6186216521806802E+00
6.1264019431267771E+00
6.6065514939844547E+00
7.0682143591137327E+00
7.4924452727985242E+00
8.0000000000000000E+00
0.0000000000000000E+00
5.0314162528382200E-01
9.2592707639414140E-01
1.3868636547283215E+00
1.8671967140666590E+00
2.3758430233188261E+00
2.9045896734389300E+00
3.4485573107658003E+00
3.9999999999998321E+00
4.5514426892338715E+00
5.0954103265607689E+00
5.6241569766808954E+00
6.1328032859330968E+00
6.6131363452714824E+00
7.0740729236057209E+00
7.4968583747161075E+00
8.0000000000000000E+00
0.0000000000000000E+00
3.7037248920237986E-01
8.2795401487301989E-01
1.2977007286097042E+00
1.7991514053032680E+00
2.3243998840683497E+00
2.8708042322761971E+00
3.4316357302409095E+00
3.9999999999998255E+00
4.5683642697587583E+00
5.1291957677234947E+00
5.6756001159313705E+00
6.2008485946964802E+00
6.7022992713900988E+00
7.1720459851268439E+00
7.6296275107975626E+00
8.0000000000000000E+00
0.0000000000000000E+00
3.3182388081845232E-01
7.5297102066940103E-01
1.2337950569342178E+00
1.7447074397409406E+00
2.2834768955759559E+00
2.8433132039616660E+00
3.4178894167193472E+00
3.9999999999998317E+00
4.5821105832803273E+00
5.1566867960380227E+00
5.7165231044237625E+00
6.2552925602588134E+00
6.7662049430655875E+00
7.2470289793304614E+00
7.6681761191814779E+00
8.0000000000000000E+00
0.0000000000000000E+00
3.2039500094354351E-01
7.2645520694579657E-01
1.1961886292980022E+00
1.7096705243934047E+00
2.2545181801602925E+00
2.8232619938025842E+00
3.4076366804656106E+00
3.9999999999998419E+00
4.5923633195340692E+00
5.1767380061971080E+00
5.7454818198394291E+00
6.2903294756063506E+00
6.8038113707018066E+00
7.2735447930540653E+00
7.6796049990563890E+00
8.0000000000000000E+00
0.0000000000000000E+00
3.2027993380348480E-01
7.1711946059024667E-01
1.1788881777414086E+00
1.6890674180152199E+00
2.2365185797986240E+00
2.8100078418683996E+00
3.4007715228722297E+00
3.9999999999998437E+00
4.5992284771274505E+00
5.1899921581312976E+00
5.7634814202010967E+00
6.3109325819845319E+00
6.8211118222583904E+00
7.2828805394096090E+00
7.6797200661964418E+00
8.0000000000000000E+00
0.0000000000000000E+00
3.2213028152393197E-01
7.1511709767402554E-01
1.1717119139988925E+00
1.6794980601080576E+00
2.2270590180665342E+00
2.8027992027779343E+00
3.3969196951061988E+00
3.9999999999998450E+00
4.6030803048934859E+00
5.1972007972217646E+00
5.7729409819331838E+00
6.3205019398916953E+00
6.8282880860009039E+00
7.2848829023258226E+00
7.6778697184759910E+00
8.0000000000000000E+00
0.0000000000000000E+00
3.2324289851512100E-01
7.1510104817207032E-01
1.1700921053711586E+00
1.6767968952489856E+00
2.2242745432326796E+00
2.8005354029312484E+00
3.3957114798844903E+00
3.9999999999998397E+00
4.6042885201151886E+00
5.1994645970684585E+00
5.7757254567670318E+00
6.3232031047507657E+00
6.8299078946286302E+00
7.2848989518277669E+00
7.6767571014848048E+00
8.0000000000000000E+00
0.0000000000000000E+00
3.2213028152393247E-01
7.1511709767402520E-01
1.1717119139988916E+00
1.6794980601080560E+00
2.2270590180665377E+00
2.8027992027779303E+00
3.3969196951061993E+00
3.9999999999998312E+00
4.6030803048934823E+00
5.1972007972217611E+00
5.7729409819331847E+00
6.3205019398916953E+00
6.8282880860009039E+00
7.2848829023258190E+00
7.6778697184759928E+00
8.0000000000000000E+00
0.0000000000000000E+00
3.2027993380348446E-01
7.1711946059024667E-01
1.1788881777414071E+00
1.6890674180152239E+00
2.2365185797986200E+00
2.8100078418683978E+00
3.4007715228722355E+00
3.9999999999998419E+00
4.5992284771274452E+00
5.1899921581313038E+00
5.7634814202010931E+00
6.3109325819845310E+00
6.8211118222583860E+00
7.2828805394096046E+00
7.6797200661964427E+00
8.0000000000000000E+00
0.0000000000000000E+00
3.2039500094354323E-01
7.2645520694579679E-01
1.1961886292979991E+00
1.7096705243934061E+00
2.2545181801602974E+00
2.8232619938025847E+00
3.4076366804656155E+00
3.9999999999998370E+00
4.5923633195340647E+00
5.1767380061971107E+00
5.7454818198394246E+00
6.2903294756063435E+00
6.8038113707017951E+00
7.2735447930540573E+00
7.6796049990563864E+00
8.0000000000000000E+00
0.0000000000000000E+00
3.3182388081845177E-01
7.5297102066939936E-01
1.2337950569342160E+00
1.7447074397409408E+00
2.2834768955759617E+00
2.8433132039616678E+00
3.4178894167193588E+00
3.9999999999998321E+00
4.5821105832803246E+00
5.1566867960380245E+00
5.7165231044237519E+00
6.2552925602588099E+00
6.7662049430655786E+00
7.2470289793304579E+00
7.6681761191814788E+00
8.0000000000000000E+00
0.0000000000000000E+00
3.7037248920237908E-01
8.2795401487301790E-01
1.2977007286097015E+00
1.7991514053032682E+00
2.3243998840683533E+00
2.8708042322762033E+00
3.4316357302409259E+00
3.9999999999998330E+00
4.5683642697587592E+00
5.1291957677234912E+00
5.6756001159313660E+00
6.2008485946964793E+00
6.7022992713900917E+00
7.1720459851268350E+00
7.6296275107975520E+00
8.0000000000000000E+00
0.0000000000000000E+00
5.0314162528382167E-01
9.2592707639413840E-01
1.3868636547283195E+00
1.8671967140666565E+00
2.3758430233188284E+00
2.9045896734389345E+00
3.4485573107658198E+00
3.9999999999998410E+00
4.5514426892338724E+00
5.0954103265607662E+00
5.6241569766808928E+00
6.1328032859330976E+00
6.6131363452714718E+00
7.0740729236057138E+00
7.4968583747160977E+00
8.0000000000000000E+00
0.0000000000000000E+00
4.9616842595495542E-01
9.1655250337645622E-01
1.3762487066752167E+00
1.8568939501148038E+00
2.3670038633418047E+00
2.8981666826175383E+00
3.4451857579043290E+00
3.9999999999998281E+00
4.5548142420953486E+00
5.1018333173821659E+00
5.6329961366579244E+00
6.1431060498849535E+00
6.6237512933245819E+00
7.0834474966234122E+00
7.5038315740449733E+00
8.0000000000000000E+00
0.0000000000000000E+00
3.6711703316682398E-01
8.2163062914183804E-01
1.2898546930441028E+00
1.7909834784182439E+00
2.3171442962812514E+00
2.8654112008361001E+00
3.4287733051668248E+00
3.9999999999998304E+00
4.5712266948328466E+00
5.1345887991635966E+00
5.6828557037184746E+00
6.2090165215815158E+00
6.7101453069556980E+00
7.1783693708580314E+00
7.6328829668331100E+00
8.0000000000000000E+00
0.0000000000000000E+00
3.3042190330245041E-01
7.4922857401255505E-01
1.2281777014261093E+00
1.7383729073830139E+00
2.2775792423378625E+00
2.8388166929635714E+00
3.4154706493487317E+00
3.9999999999998348E+00
4.5845293506509464E+00
5.1611833070361248E+00
5.7224207576618600E+00
6.2616270926167488E+00
6.7718222985736949E+00
7.2507714259873159E+00
7.6695780966974825E+00
8.0000000000000000E+00
0.0000000000000000E+00
3.1994808625148968E-01
7.2421091008583638E-01
1.1922062662573465E+00
1.7047604848676270E+00
2.2497368900053760E+00
2.8195174880420324E+00
3.4055954484772530E+00
3.9999999999998379E+00
4.5944045515224241E+00
5.1804825119576625E+00
5.7502631099943420E+00
6.2952395151321321E+00
6.8077937337424563E+00
7.2757890899140252E+00
7.6800519137484322E+00
8.0000000000000000E+00
0.0000000000000000E+00
3.2031032632839873E-01
7.1574988468469514E-01
1.1759497338505667E+00
1.6851711276494481E+00
2.2325577469261226E+00
2.8068346326937177E+00
3.3990194477485662E+00
3.9999999999998361E+00
4.6009805522511149E+00
5.1931653673059808E+00
5.7674422530735949E+00
6.3148288723503070E+00
6.8240502661492313E+00
7.2842501153151602E+00
7.6796896736715272E+00
8.0000000000000000E+00
0.0000000000000000E+00
3.2237674042705344E-01
7.1418147089534356E-01
1.1693423380251036E+00
1.6761781329497880E+00
2.2235900134742943E+00
2.7999749802674323E+00
3.3953471034911291E+00
3.9999999999998375E+00
4.6046528965085516E+00
5.2000250197322657E+00
5.7764099865254241E+00
6.3238218670499622E+00
6.8306576619746826E+00
7.2858185291045086E+00
7.6776232595728651E+00
8.0000000000000000E+00
0.0000000000000000E+00
3.2354526220874102E-01
7.1429491286385460E-01
1.1678982146372530E+00
1.6736641521561448E+00
2.2209679012613961E+00
2.7978294942920385E+00
3.3941997884771591E+00
3.9999999999998370E+00
4.6058002115225154E+00
5.2021705057076506E+00
5.7790320987383215E+00
6.3263358478436098E+00
6.8321017853625223E+00
7.2857050871359839E+00
7.6764547377911807E+00
8.0000000000000000E+00
0.0000000000000000E+00
3.2237674042705328E-01
7.1418147089534323E-01
1.1693423380251031E+00
1.6761781329497893E+00
2.2235900134742943E+00
2.7999749802674350E+00
3.3953471034911273E+00
3.9999999999998370E+00
4.6046528965085480E+00
5.2000250197322595E+00
5.7764099865254206E+00
6.3238218670499631E+00
6.8306576619746835E+00
7.2858185291045050E+00
7.6776232595728660E+00
8.0000000000000000E+00
0.0000000000000000E+00
3.2031032632839868E-01
7.1574988468469458E-01
1.1759497338505658E+00
1.6851711276494483E+00
2.2325577469261240E+00
2.8068346326937204E+00
3.3990194477485671E+00
3.9999999999998375E+00
4.6009805522511114E+00
5.1931653673059692E+00
5.7674422530735949E+00
6.3148288723502990E+00
6.8240502661492286E+00
7.2842501153151593E+00
7.6796896736715246E+00
8.0000000000000000E+00
0.0000000000000000E+00
3.1994808625148918E-01
7.2421091008583460E-01
1.1922062662573440E+00
1.7047604848676268E+00
2.2497368900053791E+00
2.8195174880420364E+00
3.4055954484772575E+00
3.9999999999998415E+00
4.5944045515224206E+00
5.1804825119576581E+00
5.7502631099943393E+00
6.2952395151321188E+00
6.8077937337424439E+00
7.2757890899140190E+00
7.6800519137484340E+00
8.0000000000000000E+00
0.0000000000000000E+00
3.3042190330244964E-01
7.4922857401255261E-01
1.2281777014261057E+00
1.7383729073830148E+00
2.2775792423378687E+00
2.8388166929635763E+00
3.4154706493487375E+00
3.9999999999998423E+00
4.5845293506509428E+00
5.1611833070361168E+00
5.7224207576618458E+00
6.2616270926167283E+00
6.7718222985736833E+00
7.2507714259873026E+00
7.6695780966974763E+00
8.0000000000000000E+00
0.0000000000000000E+00
3.6711703316682298E-01
8.2163062914183471E-01
1.2898546930440993E+00
1.7909834784182439E+00
2.3171442962812558E+00
2.8654112008361086E+00
3.4287733051668345E+00
3.9999999999998450E+00
4.5712266948328457E+00
5.1345887991635912E+00
5.6828557037184613E+00
6.2090165215814999E+00
6.7101453069556829E+00
7.1783693708580216E+00
7.6328829668331029E+00
8.0000000000000000E+00
0.0000000000000000E+00
4.9616842595495392E-01
9.1655250337645344E-01
1.3762487066752138E+00
1.8568939501148058E+00
2.3670038633418091E+00
2.8981666826175454E+00
3.4451857579043392E+00
3.9999999999998450E+00
4.5548142420953512E+00
5.1018333173821544E+00
5.6329961366579173E+00
6.1431060498849419E+00
6.6237512933245730E+00
7.0834474966233962E+00
7.5038315740449653E+00
8.0000000000000000E+00
0.0000000000000000E+00
4.8595947558666469E-01
9.0215947889317216E-01
1.3597283198784198E+00
1.8409464049203459E+00
2.3534190714085717E+00
2.8883874755332264E+00
3.4400778767000295E+00
3.9999999999998517E+00
4.5599221232996774E+00
5.1116125244664978E+00
5.6465809285911810E+00
6.1590535950794356E+00
6.6402716801214092E+00
7.0978405211067033E+00
7.5140405244132822E+00
8.0000000000000000E+00
0.0000000000000000E+00
3.6143536904868767E-01
8.1083293794546440E-01
1.2765767714233236E+00
1.7774661637865556E+00
2.3053499847388013E+00
2.8567802610535589E+00
3.4242316475677765E+00
3.9999999999998490E+00
4.5757683524319219E+00
5.1432197389461578E+00
5.6946500152609474E+00
6.2225338362132163E+00
6.7234232285765057E+00
7.1891670620544135E+00
7.6385646309512660E+00
8.0000000000000000E+00
0.0000000000000000E+00
3.2691219852144598E-01
7.4160180279559373E-01
1.2175751339014158E+00
1.7270263571265050E+00
2.2673659417983996E+00
2.8312165912625713E+00
3.4114353236037189E+00
3.9999999999998388E+00
4.5885646763959738E+00
5.1687834087371369E+00
5.7326340582013460E+00
6.2729736428732634E+00
6.7824248660984061E+00
7.2583981972042784E+00
7.6730878014785002E+00
8.0000000000000000E+00
0.0000000000000000E+00
3.1754677725221464E-01
7.1834029823329626E-01
1.1835578799968054E+00
1.6951125667036169E+00
2.2408447744208631E+00
2.8127988914213002E+00
3.4020004581102561E+00
3.9999999999998379E+00
4.5979995418894362E+00
5.1872011085784084E+00
5.7591552255788763E+00
6.3048874332961562E+00
6.8164421200030132E+00
7.2816597017665794E+00
7.6824532227477249E+00
8.0000000000000000E+00
0.0000000000000000E+00
3.1840255854889371E-01
7.1082809085544818E-01
1.1684974957910501E+00
1.6767042481806889E+00
2.2246247811651410E+00
2.8007820110776382E+00
3.3957607442175890E+00
3.9999999999998401E+00
4.6042392557821072E+00
5.1992179889220642E+00
5.7753752188345935E+00
6.3232957518190700E+00
6.8315025042087596E+00
7.2891719091444234E+00
7.6815974414510455E+00
8.0000000000000000E+00
0.0000000000000000E+00
3.2067007756029720E-01
7.0971345609462277E-01
1.1625198109568049E+00
1.6683674700289481E+00
2.2162226699593357E+00
2.7943249109775028E+00
3.3922952316590913E+00
3.9999999999998437E+00
4.6077047683406001E+00
5.2056750890221979E+00
5.7837773300403974E+00
6.3316325299708121E+00
6.8374801890430010E+00
7.2902865439052471E+00
7.6793299224396474E+00
8.0000000000000000E+00
0.0000000000000000E+00
3.2189309370423425E-01
7.0995486418431364E-01
1.1612671589726711E+00
1.6660623478133638E+00
2.2137852341158357E+00
2.7923144842808827E+00
3.3912175710616288E+00
3.9999999999998406E+00
4.6087824289380626E+00
5.2076855157188175E+00
5.7862147658838969E+00
6.3339376521863908E+00
6.8387328410271389E+00
7.2900451358155482E+00
7.6781069062957110E+00
8.0000000000000000E+00
0.0000000000000000E+00
3.2067007756029708E-01
7.0971345609462277E-01
1.1625198109568058E+00
1.6683674700289493E+00
2.2162226699593375E+00
2.7943249109775046E+00
3.3922952316590926E+00
3.9999999999998379E+00
4.6077047683406001E+00
5.2056750890222006E+00
5.7837773300403938E+00
6.3316325299708103E+00
6.8374801890430073E+00
7.2902865439052391E+00
7.6793299224396412E+00
8.0000000000000000E+00
0.0000000000000000E+00
3.1840255854889293E-01
7.1082809085544718E-01
1.1684974957910494E+00
1.6767042481806920E+00
2.2246247811651436E+00
2.8007820110776436E+00
3.3957607442175886E+00
3.9999999999998512E+00
4.6042392557821055E+00
5.1992179889220695E+00
5.7753752188345864E+00
6.3232957518190593E+00
6.8315025042087631E+00
7.2891719091444198E+00
7.6815974414510508E+00
8.0000000000000000E+00
0.0000000000000000E+00
3.1754677725221397E-01
7.1834029823329548E-01
1.1835578799968030E+00
1.6951125667036171E+00
2.2408447744208635E+00
2.8127988914213056E+00
3.4020004581102605E+00
3.9999999999998450E+00
4.5979995418894406E+00
5.1872011085784049E+00
5.7591552255788674E+00
6.3048874332961420E+00
6.8164421200030034E+00
7.2816597017665714E+00
7.6824532227477329E+00
8.0000000000000000E+00
0.0000000000000000E+00
3.2691219852144493E-01
7.4160180279559196E-01
1.2175751339014125E+00
1.7270263571265039E+00
2.2673659417983991E+00
2.8312165912625762E+00
3.4114353236037305E+00
3.9999999999998441E+00
4.5885646763959711E+00
5.1687834087371343E+00
5.7326340582013273E+00
6.2729736428732537E+00
6.7824248660983875E+00
7.2583981972042695E+00
7.6730878014784922E+00
8.0000000000000000E+00
0.0000000000000000E+00
3.6143536904868645E-01
8.1083293794546174E-01
1.2765767714233169E+00
1.7774661637865539E+00
2.3053499847388044E+00
2.8567802610535638E+00
3.4242316475677881E+00
3.9999999999998472E+00
4.5757683524319184E+00
5.1432197389461392E+00
5.6946500152609296E+00
6.2225338362131986E+00
6.7234232285764799E+00
7.1891670620543957E+00
7.6385646309512536E+00
8.0000000000000000E+00
0.0000000000000000E+00
4.8595947558666330E-01
9.0215947889316894E-01
1.3597283198784127E+00
1.8409464049203441E+00
2.3534190714085743E+00
2.8883874755332331E+00
3.4400778767000384E+00
3.9999999999998592E+00
4.5599221232996676E+00
5.1116125244664863E+00
5.6465809285911615E+00
6.1590535950794179E+00
6.6402716801213799E+00
7.0978405211066917E+00
7.5140405244132698E+00
8.0000000000000000E+00
0.0000000000000000E+00
4.7008749842546438E-01
8.7945280035587192E-01
1.3343047138179913E+00
1.8167805637133705E+00
2.3332833533038606E+00
2.8740742234879133E+00
3.4326659355065154E+00
3.9999999999998548E+00
4.5673340644931972E+00
5.1259257765118251E+00
5.6667166466959040E+00
6.1832194362864206E+00
6.6656952861818421E+00
7.1205471996440055E+00
7.5299125015744757E+00
8.0000000000000000E+00
0.0000000000000000E+00
3.5186302891854276E-01
7.9263226836443501E-01
1.2548586766282839E+00
1.7559113157818447E+00
2.2870426121797789E+00
2.8436130211269792E+00
3.4173753831918154E+00
3.9999999999998530E+00
4.5826246168078884E+00
5.1563869788727477E+00
5.7129573878199755E+00
6.2440886842179451E+00
6.7451413233715440E+00
7.2073677316354479E+00
7.6481369710814011E+00
8.0000000000000000E+00
0.0000000000000000E+00
3.1988645440742647E-01
7.2725018480898573E-01
1.1989842089502982E+00
1.7079601777706430E+00
2.2508178567633537E+00
2.8191743114449763E+00
3.4051266810632894E+00
3.9999999999998508E+00
4.5948733189364113E+00
5.1808256885547399E+00
5.7491821432363936E+00
6.2920398222291425E+00
6.8010157910495304E+00
7.2727498151908927E+00
7.6801135455925191E+00
8.0000000000000000E+00
0.0000000000000000E+00
3.1151508793054683E-01
7.0581827895183047E-01
1.1671605394292655E+00
1.6779425148372882E+00
2.2257612407299288E+00
2.8017192970186469E+00
3.3961697192178386E+00
3.9999999999998463E+00
4.6038302807818594E+00
5.1982807029810694E+00
5.7742387592698137E+00
6.3220574851624916E+00
6.8328394605705540E+00
7.2941817210480462E+00
7.6884849120693968E+00
8.0000000000000000E+00
0.0000000000000000E+00
3.1270463867197651E-01
6.9922749085696823E-01
1.1533459682788807E+00
1.6608112613573611E+00
2.2105702830657932E+00
2.7904148570414145E+00
3.3902866121205832E+00
3.9999999999998530E+00
4.6097133878791059E+00
5.2095851429583044E+00
5.7894297169339497E+00
6.3391887386424202E+00
6.8466540317209388E+00
7.3007725091429094E+00
7.6872953613279629E+00
8.0000000000000000E+00
0.0000000000000000E+00
3.1507001018744851E-01
6.9847361769758420E-01
1.1479751600916530E+00
1.6531359698163350E+00
2.2027512358361534E+00
2.7843718772477080E+00
3.3870339427304237E+00
3.9999999999998521E+00
4.6129660572692668E+00
5.2156281227520056E+00
5.7972487641635819E+00
6.3468640301834416E+00
6.8520248399081618E+00
7.3015263823022938E+00
7.6849299898124883E+00
8.0000000000000000E+00
0.0000000000000000E+00
3.1628312081839233E-01
6.9880101451276400E-01
1.1468858566686579E+00
1.6510329498127201E+00
2.2004961969917880E+00
2.7824978336547272E+00
3.3860261896229056E+00
3.9999999999998459E+00
4.6139738103767804E+00
5.2175021663449890E+00
5.7995038030079442E+00
6.3489670501870563E+00
6.8531141433311449E+00
7.3011989854871180E+00
7.6837168791815484E+00
8.0000000000000000E+00
0.0000000000000000E+00
3.1507001018744851E-01
6.9847361769758376E-01
1.1479751600916535E+00
1.6531359698163359E+00
2.2027512358361521E+00
2.7843718772477097E+00
3.3870339427304232E+00
3.9999999999998401E+00
4.6129660572692686E+00
5.2156281227520047E+00
5.7972487641635828E+00
6.3468640301834407E+00
6.8520248399081556E+00
7.3015263823022902E+00
7.6849299898124892E+00
8.0000000000000000E+00
0.0000000000000000E+00
3.1270463867197618E-01
6.9922749085696712E-01
1.1533459682788814E+00
1.6608112613573609E+00
2.2105702830657918E+00
2.7904148570414162E+00
3.3902866121205868E+00
3.9999999999998437E+00
4.6097133878791121E+00
5.2095851429583000E+00
5.7894297169339461E+00
6.3391887386424131E+00
6.8466540317209326E+00
7.3007725091429050E+00
7.6872953613279575E+00
8.0000000000000000E+00
0.0000000000000000E+00
3.1151508793054616E-01
7.0581827895182903E-01
1.1671605394292637E+00
1.6779425148372860E+00
2.2257612407299292E+00
2.8017192970186504E+00
3.3961697192178413E+00
3.9999999999998561E+00
4.6038302807818594E+00
5.1982807029810694E+00
5.7742387592698039E+00
6.3220574851624889E+00
6.8328394605705425E+00
7.2941817210480462E+00
7.6884849120693879E+00
8.0000000000000000E+00
0.0000000000000000E+00
3.1988645440742552E-01
7.2725018480898274E-01
1.1989842089502964E+00
1.7079601777706395E+00
2.2508178567633541E+00
2.8191743114449817E+00
3.4051266810632930E+00
3.9999999999998512E+00
4.5948733189364175E+00
5.1808256885547337E+00
5.7491821432363812E+00
6.2920398222291336E+00
6.8010157910495108E+00
7.2727498151908847E+00
7.6801135455925129E+00
8.0000000000000000E+00
0.0000000000000000E+00
3.5186302891854182E-01
7.9263226836443190E-01
1.2548586766282797E+00
1.7559113157818405E+00
2.2870426121797824E+00
2.8436130211269837E+00
3.4173753831918199E+00
3.9999999999998561E+00
4.5826246168078910E+00
5.1563869788727388E+00
5.7129573878199622E+00
6.2440886842179308E+00
6.7451413233715245E+00
7.2073677316354354E+00
7.6481369710813913E+00
8.0000000000000000E+00
0.0000000000000000E+00
4.7008749842546371E-01
8.7945280035586848E-01
1.3343047138179867E+00
1.8167805637133676E+00
2.3332833533038637E+00
2.8740742234879182E+00
3.4326659355065190E+00
3.9999999999998592E+00
4.5673340644931981E+00
5.1259257765118091E+00
5.6667166466958907E+00
6.1832194362864064E+00
6.6656952861818217E+00
7.1205471996439966E+00
7.5299125015744641E+00
8.0000000000000000E+00
0.0000000000000000E+00
4.4384150596428429E-01
8.4406564750897028E-01
1.2951452135744579E+00
1.7812472590751081E+00
2.3042715200320614E+00
2.8538262836433912E+00
3.4222635197319020E+00
3.9999999999998601E+00
4.5777364802678155E+00
5.1461737163563495E+00
5.6957284799676993E+00
6.2187527409246899E+00
6.7048547864253818E+00
7.1559343524909123E+00
7.5561584940356603E+00
8.0000000000000000E+00
0.0000000000000000E+00
3.3387873291681130E-01
7.6228669604845645E-01
1.2199384252908185E+00
1.7231506474024689E+00
2.2599910096989917E+00
2.8245625602866484E+00
3.4075575833984848E+00
3.9999999999998530E+00
4.5924424166012283E+00
5.1754374397130816E+00
5.7400089903007716E+00
6.2768493525973268E+00
6.7800615747090225E+00
7.2377133039514261E+00
7.6661212670831409E+00
8.0000000000000000E+00
0.0000000000000000E+00
3.0440178441955795E-01
7.0116715523311257E-01
1.1674926122407769E+00
1.6778019558038593E+00
2.2255488862293680E+00
2.8012453923947822E+00
3.3958470205128393E+00
3.9999999999998508E+00
4.6041529794868721E+00
5.1987546076049460E+00
5.7744511137703931E+00
6.3221980441959316E+00
6.8325073877590636E+00
7.2988328447667730E+00
7.6955982155803948E+00
8.0000000000000000E+00
0.0000000000000000E+00
2.9695094658876664E-01
6.8162537763076625E-01
1.1379333273337455E+00
1.6496509906394494E+00
2.2018904689077559E+00
2.7846809523159508E+00
3.3873281454919208E+00
3.9999999999998557E+00
4.6126718545077905E+00
5.2153190476837823E+00
5.7981095310920034E+00
6.3503490093603441E+00
6.8620666726660877E+00
7.3183746223691273E+00
7.7030490534111822E+00
8.0000000000000000E+00
0.0000000000000000E+00
2.9835823809941220E-01
6.7570807174818770E-01
1.1252086801694754E+00
1.6336452451945460E+00
2.1875970672792393E+00
2.7739842799706960E+00
3.3817473053988274E+00
3.9999999999998472E+00
4.6182526946008897E+00
5.2260157200290349E+00
5.8124029327205218E+00
6.3663547548052435E+00
6.8747913198303578E+00
7.3242919282517045E+00
7.7016417619005368E+00
8.0000000000000000E+00
0.0000000000000000E+00
3.0064045866704087E-01
6.7514433457581302E-01
1.1202817274945485E+00
1.6264955888265122E+00
2.1802452967148507E+00
2.7682706921873677E+00
3.3786629228606428E+00
3.9999999999998490E+00
4.6213370771390752E+00
5.2317293078123557E+00
5.8197547032849037E+00
6.3735044111732693E+00
6.8797182725052890E+00
7.3248556654240700E+00
7.6993595413329095E+00
8.0000000000000000E+00
0.0000000000000000E+00
3.0185256300606494E-01
6.7551809127409779E-01
1.1193237173062665E+00
1.6245469192328443E+00
2.1781313465536369E+00
2.7664991722554526E+00
3.3777074712036743E+00
3.9999999999998517E+00
4.6222925287960424E+00
5.2335008277442725E+00
5.8218686534461144E+00
6.3754530807669392E+00
6.8806762826935657E+00
7.3244819087257875E+00
7.6981474369938878E+00
8.0000000000000000E+00
0.0000000000000000E+00
3.0064045866704098E-01
6.7514433457581313E-01
1.1202817274945482E+00
1.6264955888265122E+00
2.1802452967148507E+00
2.7682706921873677E+00
3.3786629228606415E+00
3.9999999999998517E+00
4.6213370771390778E+00
5.2317293078123548E+00
5.8197547032849055E+00
6.3735044111732773E+00
6.8797182725052917E+00
7.3248556654240780E+00
7.6993595413329068E+00
8.0000000000000000E+00
0.0000000000000000E+00
2.9835823809941209E-01
6.7570807174818759E-01
1.1252086801694741E+00
1.6336452451945436E+00
2.1875970672792384E+00
2.7739842799706964E+00
3.3817473053988292E+00
3.9999999999998574E+00
4.6182526946008915E+00
5.2260157200290349E+00
5.8124029327205138E+00
6.3663547548052550E+00
6.8747913198303667E+00
7.3242919282517001E+00
7.7016417619005333E+00
8.0000000000000000E+00
0.0000000000000000E+00
2.9695094658876658E-01
6.8162537763076592E-01
1.1379333273337449E+00
1.6496509906394463E+00
2.2018904689077563E+00
2.7846809523159535E+00
3.3873281454919275E+00
3.9999999999998597E+00
4.6126718545077994E+00
5.2153190476837814E+00
5.7981095310920052E+00
6.3503490093603485E+00
6.8620666726660904E+00
7.3183746223691220E+00
7.7030490534111831E+00
8.0000000000000000E+00
0.0000000000000000E+00
3.0440178441955756E-01
7.0116715523311324E-01
1.1674926122407749E+00
1.6778019558038586E+00
2.2255488862293693E+00
2.8012453923947866E+00
3.3958470205128468E+00
3.9999999999998597E+00
4.6041529794868818E+00
5.1987546076049513E+00
5.7744511137703967E+00
6.3221980441959387E+00
6.8325073877590539E+00
7.2988328447667712E+00
7.6955982155803913E+00
8.0000000000000000E+00
0.0000000000000000E+00
3.3387873291681092E-01
7.6228669604845611E-01
1.2199384252908165E+00
1.7231506474024689E+00
2.2599910096989957E+00
2.8245625602866520E+00
3.4075575833984932E+00
3.9999999999998614E+00
4.5924424166012390E+00
5.1754374397130851E+00
5.7400089903007716E+00
6.2768493525973303E+00
6.7800615747090189E+00
7.2377133039514217E+00
7.6661212670831365E+00
8.0000000000000000E+00
0.0000000000000000E+00
4.4384150596428379E-01
8.4406564750896995E-01
1.2951452135744554E+00
1.7812472590751094E+00
2.3042715200320645E+00
2.8538262836433956E+00
3.4222635197319091E+00
3.9999999999998681E+00
4.5777364802678209E+00
5.1461737163563503E+00
5.6957284799677073E+00
6.2187527409246917E+00
6.7048547864253765E+00
7.1559343524909105E+00
7.5561584940356550E+00
8.0000000000000000E+00
0.0000000000000000E+00
4.0173001556122695E-01
7.8552393374218787E-01
1.2386456009404447E+00
1.7318281161678857E+00
2.2652227632837354E+00
2.8269507454811662E+00
3.4085791660523728E+00
3.9999999999998508E+00
4.5914208339473452E+00
5.1730492545185598E+00
5.7347772367160301E+00
6.2681718838319131E+00
6.7613543990593907E+00
7.2144760662577010E+00
7.5982699844387147E+00
8.0000000000000000E+00
0.0000000000000000E+00
3.0104231325480646E-01
7.0809001704189145E-01
1.1666506972309607E+00
1.6757008283970585E+00
2.2223027949593681E+00
2.7985078451426810E+00
3.3942760908455147E+00
3.9999999999998526E+00
4.6057239091542002E+00
5.2014921548570481E+00
5.7776972050403934E+00
6.3242991716027399E+00
6.8333493027688785E+00
7.2919099829580043E+00
7.6989576867451435E+00
8.0000000000000000E+00
0.0000000000000000E+00
2.7324000129701032E-01
6.5213987161050857E-01
1.1171695407451727E+00
1.6324310859309985E+00
2.1891895075066050E+00
2.7759931250042675E+00
3.3829474726495308E+00
3.9999999999998490E+00
4.6170525273501850E+00
5.2240068749954629E+00
5.8108104924931636E+00
6.3675689140687961E+00
6.8828304592546683E+00
7.3478601283893878E+00
7.7267599987029385E+00
8.0000000000000000E+00
0.0000000000000000E+00
2.6608809366405084E-01
6.3325876609837639E-01
1.0889453193825349E+00
1.6052233530368238E+00
2.1662378235531068E+00
2.7598595968028303E+00
3.3746376545291956E+00
3.9999999999998539E+00
4.6253623454705224E+00
5.2401404031969046E+00
5.8337621764466618E+00
6.3947766469629741E+00
6.9110546806173101E+00
7.3667412339015224E+00
7.7339119063358988E+00
8.0000000000000000E+00
0.0000000000000000E+00
2.6705902047998781E-01
6.2750948458314793E-01
1.0765370227955888E+00
1.5896736075119795E+00
2.1522246587365910E+00
2.7493542708265521E+00
3.3691397662229430E+00
3.9999999999998557E+00
4.6308602337767768E+00
5.2506457291731845E+00
5.8477753412631772E+00
6.4103263924878142E+00
6.9234629772042569E+00
7.3724905154167484E+00
7.7329409795199586E+00
8.0000000000000000E+00
0.0000000000000000E+00
2.6927693497232902E-01
6.2693628126004197E-01
1.0717208785344763E+00
1.5826025324152098E+00
2.1449493377816475E+00
2.7436776128619846E+00
3.3660728962377600E+00
3.9999999999998610E+00
4.6339271037619651E+00
5.2563223871377565E+00
5.8550506622181135E+00
6.4173974675845917E+00
6.9282791214653718E+00
7.3730637187398598E+00
7.7307230650276226E+00
8.0000000000000000E+00
0.0000000000000000E+00
2.7035803057742874E-01
6.2724473874435283E-01
1.0707010811375646E+00
1.5806420179200877E+00
2.1428213263151230E+00
2.7419084303914816E+00
3.3651152415846535E+00
3.9999999999998641E+00
4.6348847584150850E+00
5.2580915696082604E+00
5.8571786736846265E+00
6.4193579820797115E+00
6.9292989188623038E+00
7.3727552612555511E+00
7.7296419694225271E+00
8.0000000000000000E+00
0.0000000000000000E+00
2.6927693497232930E-01
6.2693628126004231E-01
1.0717208785344756E+00
1.5826025324152102E+00
2.1449493377816489E+00
2.7436776128619882E+00
3.3660728962377653E+00
3.9999999999998690E+00
4.6339271037619740E+00
5.2563223871377556E+00
5.8550506622181082E+00
6.4173974675845971E+00
6.9282791214653896E+00
7.3730637187398669E+00
7.7307230650276253E+00
8.0000000000000000E+00
0.0000000000000000E+00
2.6705902047998853E-01
6.2750948458314937E-01
1.0765370227955890E+00
1.5896736075119806E+00
2.1522246587365941E+00
2.7493542708265579E+00
3.3691397662229545E+00
3.9999999999998623E+00
4.6308602337767919E+00
5.2506457291731854E+00
5.8477753412631737E+00
6.4103263924878267E+00
6.9234629772042728E+00
7.3724905154167564E+00
7.7329409795199693E+00
8.0000000000000000E+00
0.0000000000000000E+00
2.6608809366405156E-01
6.3325876609837806E-01
1.0889453193825356E+00
1.6052233530368267E+00
2.1662378235531099E+00
2.7598595968028379E+00
3.3746376545292098E+00
3.9999999999998734E+00
4.6253623454705357E+00
5.2401404031969143E+00
5.8337621764466618E+00
6.3947766469629848E+00
6.9110546806173252E+00
7.3667412339015259E+00
7.7339119063359103E+00
8.0000000000000000E+00
0.0000000000000000E+00
2.7324000129701131E-01
6.5213987161051057E-01
1.1171695407451749E+00
1.6324310859310021E+00
2.1891895075066095E+00
2.7759931250042778E+00
3.3829474726495450E+00
3.9999999999998672E+00
4.6170525273501992E+00
5.2240068749954771E+00
5.8108104924931689E+00
6.3675689140688112E+00
6.8828304592546790E+00
7.3478601283893905E+00
7.7267599987029536E+00
8.0000000000000000E+00
0.0000000000000000E+00
3.0104231325480724E-01
7.0809001704189289E-01
1.1666506972309627E+00
1.6757008283970587E+00
2.2223027949593726E+00
2.7985078451426886E+00
3.3942760908455298E+00
3.9999999999998654E+00
4.6057239091542126E+00
5.2014921548570658E+00
5.7776972050404041E+00
6.3242991716027550E+00
6.8333493027688874E+00
7.2919099829580061E+00
7.6989576867451479E+00
8.0000000000000000E+00
0.0000000000000000E+00
4.0173001556122773E-01
7.8552393374218898E-01
1.2386456009404470E+00
1.7318281161678877E+00
2.2652227632837398E+00
2.8269507454811746E+00
3.4085791660523856E+00
3.9999999999998672E+00
4.5914208339473612E+00
5.1730492545185829E+00
5.7347772367160408E+00
6.2681718838319256E+00
6.7613543990594041E+00
7.2144760662577072E+00
7.5982699844387191E+00
8.0000000000000000E+00
0.0000000000000000E+00
3.1204058877260299E-01
7.0652650131015737E-01
1.1627286676466830E+00
1.6685867798668881E+00
2.2157515619836694E+00
2.7932569975570032E+00
3.3914834031664984E+00
3.9999999999998654E+00
4.6085165968332307E+00
5.2067430024427486E+00
5.7842484380160961E+00
6.3314132201329176E+00
6.8372713323531684E+00
7.2934734986897443E+00
7.6879594112273519E+00
8.0000000000000000E+00
0.0000000000000000E+00
2.1942593048785303E-01
6.2818276434308284E-01
1.0921339557380905E+00
1.6130938536221691E+00
2.1736255743589452E+00
2.7653208293305664E+00
3.3774622798875766E+00
3.9999999999998614E+00
4.6225377201121463E+00
5.2346791706691773E+00
5.8263744256408243E+00
6.3869061463776369E+00
6.9078660442617599E+00
7.3718172356568168E+00
7.7805740695121086E+00
8.0000000000000000E+00
0.0000000000000000E+00
1.8905787304011637E-01
5.7178395435982543E-01
1.0411060536773336E+00
1.5692629037323078E+00
2.1400313366490997E+00
2.7425998720985949E+00
3.3660309634935897E+00
3.9999999999998592E+00
4.6339690365061319E+00
5.2574001279011471E+00
5.8599686633506751E+00
6.4307370962674995E+00
6.9588939463225170E+00
7.4282160456400801E+00
7.8109421269598416E+00
8.0000000000000000E+00
0.0000000000000000E+00
1.8128361597611106E-01
5.5070884830894462E-01
1.0111860377343123E+00
1.5402596061440377E+00
2.1158588934465881E+00
2.7256227181024508E+00
3.3573217734429694E+00
3.9999999999998570E+00
4.6426782265567539E+00
5.2743772818972925E+00
5.8841411065531846E+00
6.4597403938557703E+00
6.9888139622655370E+00
7.4492911516909626E+00
7.8187163840238458E+00
8.0000000000000000E+00
0.0000000000000000E+00
1.8289141027359448E-01
5.4432593675400065E-01
9.9746314300196770E-01
1.5233246123113993E+00
2.1006346110206668E+00
2.7142869717624629E+00
3.3513992240876189E+00
3.9999999999998641E+00
4.6486007759121089E+00
5.2857130282372804E+00
5.8993653889791071E+00
6.4766753876884149E+00
7.0025368569978870E+00
7.4556740632459091E+00
7.8171085897263568E+00
8.0000000000000000E+00
0.0000000000000000E+00
1.8566522784973591E-01
5.4367989511342041E-01
9.9212890343023230E-01
1.5154814957524683E+00
2.0926583552342830E+00
2.7080772070525363E+00
3.3480601324777282E+00
3.9999999999998601E+00
4.6519398675220076E+00
5.2919227929472061E+00
5.9073416447654905E+00
6.4845185042473403E+00
7.0078710965696276E+00
7.4563201048864869E+00
7.8143347721502190E+00
8.0000000000000000E+00
0.0000000000000000E+00
1.8712534690771493E-01
5.4409083467009112E-01
9.9102113481821463E-01
1.5132993087162527E+00
2.0902825636568281E+00
2.7061133685124767E+00
3.3469964183826599E+00
3.9999999999998650E+00
4.6530035816170807E+00
5.2938866314872808E+00
5.9097174363429517E+00
6.4867006912835530E+00
7.0089788651816329E+00
7.4559091653298246E+00
7.8128746530922362E+00
8.0000000000000000E+00
0.0000000000000000E+00
1.8566522784973649E-01
5.4367989511342141E-01
9.9212890343023274E-01
1.5154814957524709E+00
2.0926583552342857E+00
2.7080772070525403E+00
3.3480601324777339E+00
3.9999999999998628E+00
4.6519398675220138E+00
5.2919227929472159E+00
5.9073416447654967E+00
6.4845185042473430E+00
7.0078710965696329E+00
7.4563201048864984E+00
7.8143347721502261E+00
8.0000000000000000E+00
0.0000000000000000E+00
1.8289141027359554E-01
5.4432593675400209E-01
9.9746314300196992E-01
1.5233246123114013E+00
2.1006346110206700E+00
2.7142869717624696E+00
3.3513992240876287E+00
3.9999999999998725E+00
4.6486007759121195E+00
5.2857130282372902E+00
5.8993653889791116E+00
6.4766753876884220E+00
7.0025368569979047E+00
7.4556740632459153E+00
7.8171085897263684E+00
8.0000000000000000E+00
0.0000000000000000E+00
1.8128361597611267E-01
5.5070884830894706E-01
1.0111860377343143E+00
1.5402596061440397E+00
2.1158588934465925E+00
2.7256227181024584E+00
3.3573217734429832E+00
3.9999999999998685E+00
4.6426782265567708E+00
5.2743772818972969E+00
5.8841411065531855E+00
6.4597403938557854E+00
6.9888139622655583E+00
7.4492911516909741E+00
7.8187163840238556E+00
8.0000000000000000E+00
0.0000000000000000E+00
1.8905787304011820E-01
5.7178395435982843E-01
1.0411060536773367E+00
1.5692629037323089E+00
2.1400313366491051E+00
2.7425998720986025E+00
3.3660309634936074E+00
3.9999999999998734E+00
4.6339690365061443E+00
5.2574001279011586E+00
5.8599686633506751E+00
6.4307370962675146E+00
6.9588939463225339E+00
7.4282160456401005E+00
7.8109421269598496E+00
8.0000000000000000E+00
0.0000000000000000E+00
2.1942593048785453E-01
6.2818276434308606E-01
1.0921339557380940E+00
1.6130938536221733E+00
2.1736255743589514E+00
2.7653208293305775E+00
3.3774622798875917E+00
3.9999999999998717E+00
4.6225377201121596E+00
5.2346791706691853E+00
5.8263744256408385E+00
6.3869061463776555E+00
6.9078660442617732E+00
7.3718172356568301E+00
7.7805740695121175E+00
8.0000000000000000E+00
0.0000000000000000E+00
3.1204058877260438E-01
7.0652650131016004E-01
1.1627286676466859E+00
1.6685867798668923E+00
2.2157515619836761E+00
2.7932569975570138E+00
3.3914834031665109E+00
3.9999999999998797E+00
4.6085165968332378E+00
5.2067430024427566E+00
5.7842484380161174E+00
6.3314132201329372E+00
6.8372713323531782E+00
7.2934734986897540E+00
7.6879594112273573E+00
8.0000000000000000E+00
