0.0000000000000000E+00
5.5353903179128128E-01
9.3820428247515508E-01
1.2330697986256469E+00
1.4678121710115739E+00
1.6471300011636572E+00
1.7751123058735592E+00
1.8513245172576924E+00
1.8770659477918012E+00
1.8513245172577120E+00
1.7751123058735967E+00
1.6471300011637044E+00
1.4678121710116359E+00
1.2330697986257200E+00
9.3820428247522880E-01
5.5353903179133523E-01
0.0000000000000000E+00
0.0000000000000000E+00
2.8864641155026188E-01
5.8786299900729455E-01
8.3394392507588133E-01
1.0338786141979688E+00
1.1876155392262440E+00
1.2968155466559437E+00
1.3621324006868898E+00
1.3838516082199364E+00
1.3621324006869000E+00
1.2968155466559643E+00
1.1876155392262719E+00
1.0338786141980025E+00
8.3394392507591564E-01
5.8786299900732297E-01
2.8864641155027754E-01
0.0000000000000000E+00
0.0000000000000000E+00
1.8783058720535575E-01
3.7077386330004497E-01
5.5430384286689205E-01
7.0854613002162337E-01
8.3055322282740662E-01
9.1819052271820267E-01
9.7084346068842375E-01
9.8846159695255520E-01
9.7084346068843030E-01
9.1819052271821278E-01
8.3055322282741906E-01
7.0854613002163980E-01
5.5430384286690704E-01
3.7077386330005652E-01
1.8783058720536217E-01
0.0000000000000000E+00
0.0000000000000000E+00
1.1951098885392276E-01
2.4107853959387418E-01
3.5981148858722123E-01
4.6753701972447742E-01
5.5520469346891443E-01
6.1967792316937531E-01
6.5882428342754995E-01
6.7197007307300205E-01
6.5882428342755328E-01
6.1967792316938153E-01
5.5520469346892243E-01
4.6753701972448586E-01
3.5981148858722839E-01
2.4107853959387779E-01
1.1951098885392487E-01
0.0000000000000000E+00
0.0000000000000000E+00
7.3299570109186363E-02
1.4476435568079976E-01
2.1676516406124266E-01
2.8276847746464367E-01
3.3874315604006566E-01
3.8056546106258610E-01
4.0626380033989956E-01
4.1494314595532633E-01
4.0626380033990150E-01
3.8056546106259037E-01
3.3874315604007121E-01
2.8276847746465023E-01
2.1676516406124557E-01
1.4476435568080334E-01
7.3299570109187723E-02
0.0000000000000000E+00
0.0000000000000000E+00
3.4523572902384864E-02
6.8359514262448060E-02
1.0195213336177743E-01
1.3343559735657692E-01
1.6029386464740911E-01
1.8071099854400499E-01
1.9333167122242242E-01
1.9761588690635007E-01
1.9333167122242351E-01
1.8071099854400816E-01
1.6029386464741305E-01
1.3343559735658145E-01
1.0195213336178154E-01
6.8359514262448393E-02
3.4523572902383330E-02
0.0000000000000000E+00
0.0000000000000000E+00
5.8183554781032882E-16
1.0657717128085545E-15
1.7530935263494407E-15
1.3167699695645416E-15
9.3149470867190831E-16
8.4881936097076915E-16
1.1500952539831093E-15
9.4181084633011914E-16
5.1329670074865038E-16
2.5978898335891579E-15
3.6567464576468066E-15
4.6242008853416134E-15
1.3026688960005830E-15
-8.0760289605335859E-16
-1.0075502365645777E-16
0.0000000000000000E+00
0.0000000000000000E+00
-3.4523572902384031E-02
-6.8359514262445950E-02
-1.0195213336177489E-01
-1.3343559735657379E-01
-1.6029386464740669E-01
-1.8071099854400333E-01
-1.9333167122242120E-01
-1.9761588690634835E-01
-1.9333167122242176E-01
-1.8071099854400335E-01
-1.6029386464740758E-01
-1.3343559735657604E-01
-1.0195213336177840E-01
-6.8359514262447810E-02
-3.4523572902383746E-02
0.0000000000000000E+00
0.0000000000000000E+00
-7.3299570109185364E-02
-1.4476435568079823E-01
-2.1676516406123952E-01
-2.8276847746464062E-01
-3.3874315604006261E-01
-3.8056546106258543E-01
-4.0626380033989790E-01
-4.1494314595532283E-01
-4.0626380033989729E-01
-3.8056546106258582E-01
-3.3874315604006550E-01
-2.8276847746464362E-01
-2.1676516406124233E-01
-1.4476435568080098E-01
-7.3299570109187973E-02
0.0000000000000000E+00
0.0000000000000000E+00
-1.1951098885392156E-01
-2.4107853959387213E-01
-3.5981148858721762E-01
-4.6753701972447309E-01
-5.5520469346890966E-01
-6.1967792316937087E-01
-6.5882428342754618E-01
-6.7197007307299850E-01
-6.5882428342754840E-01
-6.1967792316937576E-01
-5.5520469346891788E-01
-4.6753701972448075E-01
-3.5981148858722434E-01
-2.4107853959387648E-01
-1.1951098885392358E-01
0.0000000000000000E+00
0.0000000000000000E+00
-1.8783058720535337E-01
-3.7077386330004120E-01
-5.5430384286688683E-01
-7.0854613002161748E-01
-8.3055322282739985E-01
-9.1819052271819745E-01
-9.7084346068841898E-01
-9.8846159695254898E-01
-9.7084346068842264E-01
-9.1819052271820933E-01
-8.3055322282741462E-01
-7.0854613002163591E-01
-5.5430384286690271E-01
-3.7077386330005402E-01
-1.8783058720536169E-01
0.0000000000000000E+00
0.0000000000000000E+00
-2.8864641155026011E-01
-5.8786299900729033E-01
-8.3394392507587567E-01
-1.0338786141979619E+00
-1.1876155392262360E+00
-1.2968155466559357E+00
-1.3621324006868798E+00
-1.3838516082199224E+00
-1.3621324006868913E+00
-1.2968155466559546E+00
-1.1876155392262633E+00
-1.0338786141979972E+00
-8.3394392507591197E-01
-5.8786299900732164E-01
-2.8864641155027737E-01
0.0000000000000000E+00
0.0000000000000000E+00
-5.5353903179127883E-01
-9.3820428247515075E-01
-1.2330697986256420E+00
-1.4678121710115650E+00
-1.6471300011636489E+00
-1.7751123058735505E+00
-1.8513245172576780E+00
-1.8770659477917881E+00
-1.8513245172576978E+00
-1.7751123058735883E+00
-1.6471300011636987E+00
-1.4678121710116285E+00
-1.2330697986257171E+00
-9.3820428247522603E-01
-5.5353903179133479E-01
0.0000000000000000E+00
0.0000000000000000E+00
5.5371127976848489E-01
9.3856566155890153E-01
1.2335964003113238E+00
1.4684793674027130E+00
1.6479128549854691E+00
1.7759820259033088E+00
1.8522479195657706E+00
1.8780080144563247E+00
1.8522479195657919E+00
1.7759820259033439E+00
1.6479128549855206E+00
1.4684793674027743E+00
1.2335964003113955E+00
9.3856566155897347E-01
5.5371127976853862E-01
0.0000000000000000E+00
0.0000000000000000E+00
2.8886327006774493E-01
5.8822099544067674E-01
8.3444309263636351E-01
1.0344958559202879E+00
1.1883293310414569E+00
1.2976002508413889E+00
1.3629603957137923E+00
1.3846942134014311E+00
1.3629603957138030E+00
1.2976002508414088E+00
1.1883293310414846E+00
1.0344958559203221E+00
8.3444309263639960E-01
5.8822099544070672E-01
2.8886327006776097E-01
0.0000000000000000E+00
0.0000000000000000E+00
1.8802239210628335E-01
3.7111179563283264E-01
5.5474853809488178E-01
7.0908274406482241E-01
8.3116187193749003E-01
9.1885175528250240E-01
9.7153622731008238E-01
9.8916502333585143E-01
9.7153622731008782E-01
9.1885175528251117E-01
8.3116187193750612E-01
7.0908274406483818E-01
5.5474853809489599E-01
3.7111179563284269E-01
1.8802239210629110E-01
0.0000000000000000E+00
0.0000000000000000E+00
1.1966644229763838E-01
2.4134855961836196E-01
3.6016895583031916E-01
4.6796094707877856E-01
5.5567937544947088E-01
6.2018823118353461E-01
6.5935573598386121E-01
6.7250853507110153E-01
6.5935573598386477E-01
6.2018823118354161E-01
5.5567937544947921E-01
4.6796094707878683E-01
3.6016895583032693E-01
2.4134855961836690E-01
1.1966644229764040E-01
0.0000000000000000E+00
0.0000000000000000E+00
7.3405743381835822E-02
1.4495280416835574E-01
2.1701333967146547E-01
2.8306111748853835E-01
3.3906751726070505E-01
3.8091159217067333E-01
4.0662254394251229E-01
4.1530604752365169E-01
4.0662254394251496E-01
3.8091159217067733E-01
3.3906751726071116E-01
2.8306111748854473E-01
2.1701333967147063E-01
1.4495280416835701E-01
7.3405743381837404E-02
0.0000000000000000E+00
0.0000000000000000E+00
3.4577598313845666E-02
6.8455252035836342E-02
1.0207867106780637E-01
1.3358426516460131E-01
1.6045809282688947E-01
1.8088552026825838E-01
1.9351209319278195E-01
1.9779821974842804E-01
1.9351209319278209E-01
1.8088552026826274E-01
1.6045809282689374E-01
1.3358426516460478E-01
1.0207867106780943E-01
6.8455252035837230E-02
3.4577598313844576E-02
0.0000000000000000E+00
0.0000000000000000E+00
4.1907441574289493E-16
1.1107831142731417E-15
1.3736427816571262E-15
1.5406276226407286E-15
8.0925191986439149E-16
6.6730212618937528E-16
-1.7494774140757211E-16
-1.4654925860640154E-15
-5.2746940963176030E-16
1.3218681636134528E-15
3.8607681070783536E-15
1.6818064697417116E-15
1.5529619469304341E-15
1.4175140738023146E-15
2.1261657366152776E-16
0.0000000000000000E+00
0.0000000000000000E+00
-3.4577598313844556E-02
-6.8455252035834427E-02
-1.0207867106780334E-01
-1.3358426516459834E-01
-1.6045809282688717E-01
-1.8088552026825713E-01
-1.9351209319278076E-01
-1.9779821974842732E-01
-1.9351209319278026E-01
-1.8088552026825908E-01
-1.6045809282688905E-01
-1.3358426516459920E-01
-1.0207867106780644E-01
-6.8455252035836647E-02
-3.4577598313844014E-02
0.0000000000000000E+00
0.0000000000000000E+00
-7.3405743381834962E-02
-1.4495280416835371E-01
-2.1701333967146302E-01
-2.8306111748853585E-01
-3.3906751726070294E-01
-3.8091159217067111E-01
-4.0662254394251091E-01
-4.1530604752364925E-01
-4.0662254394251168E-01
-3.8091159217067372E-01
-3.3906751726070544E-01
-2.8306111748853946E-01
-2.1701333967146635E-01
-1.4495280416835826E-01
-7.3405743381836253E-02
0.0000000000000000E+00
0.0000000000000000E+00
-1.1966644229763733E-01
-2.4134855961835988E-01
-3.6016895583031583E-01
-4.6796094707877389E-01
-5.5567937544946622E-01
-6.2018823118353117E-01
-6.5935573598385888E-01
-6.7250853507110020E-01
-6.5935573598386144E-01
-6.2018823118353628E-01
-5.5567937544947354E-01
-4.6796094707878216E-01
-3.6016895583032255E-01
-2.4134855961836396E-01
-1.1966644229763961E-01
0.0000000000000000E+00
0.0000000000000000E+00
-1.8802239210628227E-01
-3.7111179563283025E-01
-5.5474853809487712E-01
-7.0908274406481742E-01
-8.3116187193748448E-01
-9.1885175528249541E-01
-9.7153622731007661E-01
-9.8916502333584710E-01
-9.7153622731008371E-01
-9.1885175528250607E-01
-8.3116187193749880E-01
-7.0908274406483318E-01
-5.5474853809489266E-01
-3.7111179563284080E-01
-1.8802239210628971E-01
0.0000000000000000E+00
0.0000000000000000E+00
-2.8886327006774309E-01
-5.8822099544067274E-01
-8.3444309263635896E-01
-1.0344958559202813E+00
-1.1883293310414500E+00
-1.2976002508413800E+00
-1.3629603957137839E+00
-1.3846942134014237E+00
-1.3629603957137948E+00
-1.2976002508414006E+00
-1.1883293310414786E+00
-1.0344958559203161E+00
-8.3444309263639560E-01
-5.8822099544070472E-01
-2.8886327006776114E-01
0.0000000000000000E+00
0.0000000000000000E+00
-5.5371127976848311E-01
-9.3856566155889787E-01
-1.2335964003113182E+00
-1.4684793674027075E+00
-1.6479128549854627E+00
-1.7759820259033008E+00
-1.8522479195657575E+00
-1.8780080144563054E+00
-1.8522479195657771E+00
-1.7759820259033365E+00
-1.6479128549855149E+00
-1.4684793674027719E+00
-1.2335964003113928E+00
-9.3856566155897092E-01
-5.5371127976853762E-01
0.0000000000000000E+00
0.0000000000000000E+00
5.5419252343651793E-01
9.3959014394425977E-01
1.2350996697192869E+00
1.4703922685282844E+00
1.6501644665600663E+00
1.7784889020266630E+00
1.8549128984299115E+00
1.8807280057659213E+00
1.8549128984299290E+00
1.7784889020267018E+00
1.6501644665601147E+00
1.4703922685283446E+00
1.2350996697193599E+00
9.3959014394433460E-01
5.5419252343657344E-01
0.0000000000000000E+00
0.0000000000000000E+00
2.8947499145430899E-01
5.8925687732831700E-01
8.3587381858659071E-01
1.0362666138768930E+00
1.1903764960939796E+00
1.2998513813012678E+00
1.3653362676619656E+00
1.3871120839039737E+00
1.3653362676619767E+00
1.2998513813012891E+00
1.1903764960940086E+00
1.0362666138769259E+00
8.3587381858662368E-01
5.8925687732834608E-01
2.8947499145432531E-01
0.0000000000000000E+00
0.0000000000000000E+00
1.8858079497972516E-01
3.7207676553115737E-01
5.5601926212173158E-01
7.1061026766220869E-01
8.3289328707689525E-01
9.2073100811712538E-01
9.7350458711449117E-01
9.9116337007085020E-01
9.7350458711449972E-01
9.2073100811713604E-01
8.3289328707690979E-01
7.1061026766222579E-01
5.5601926212174679E-01
3.7207676553116986E-01
1.8858079497973237E-01
0.0000000000000000E+00
0.0000000000000000E+00
1.2011369463471121E-01
2.4212426645233984E-01
3.6119015539103233E-01
4.6916766147336147E-01
5.5702709058334998E-01
6.2163459288301093E-01
6.6086063809242268E-01
6.7403279667064253E-01
6.6086063809242601E-01
6.2163459288301726E-01
5.5702709058335731E-01
4.6916766147336986E-01
3.6119015539104010E-01
2.4212426645234389E-01
1.2011369463471282E-01
0.0000000000000000E+00
0.0000000000000000E+00
7.3711953360451957E-02
1.4549176671662029E-01
2.1772128696910528E-01
2.8389186458409948E-01
3.3998574682209487E-01
3.8188905903421461E-01
4.0763436408775700E-01
4.1632911142884038E-01
4.0763436408775811E-01
3.8188905903421561E-01
3.3998574682209948E-01
2.8389186458410626E-01
2.1772128696911056E-01
1.4549176671662425E-01
7.3711953360452900E-02
0.0000000000000000E+00
0.0000000000000000E+00
3.4732825489914104E-02
6.8729308250641427E-02
1.0243925558350665E-01
1.3400602567680048E-01
1.6092238380519119E-01
1.8137758296140755E-01
1.9402000081786216E-01
1.9831123143380253E-01
1.9402000081786336E-01
1.8137758296140971E-01
1.6092238380519439E-01
1.3400602567680442E-01
1.0243925558351037E-01
6.8729308250642870E-02
3.4732825489913952E-02
0.0000000000000000E+00
0.0000000000000000E+00
6.0561256908144940E-16
9.4631890868743994E-16
1.6297756451928428E-15
2.1972477501260221E-15
1.2530946459052157E-15
7.5625431363112810E-17
-2.6892033450469024E-16
-1.9946232342242109E-16
-9.0494400533480749E-16
2.0029906732461217E-15
1.2642711328306567E-15
3.3446933731880726E-15
3.5088395556557703E-15
3.4672094499621287E-15
1.0059567674032508E-15
0.0000000000000000E+00
0.0000000000000000E+00
-3.4732825489913251E-02
-6.8729308250639456E-02
-1.0243925558350424E-01
-1.3400602567679790E-01
-1.6092238380518972E-01
-1.8137758296140799E-01
-1.9402000081786241E-01
-1.9831123143380261E-01
-1.9402000081786325E-01
-1.8137758296140719E-01
-1.6092238380518947E-01
-1.3400602567679787E-01
-1.0243925558350632E-01
-6.8729308250641163E-02
-3.4732825489912439E-02
0.0000000000000000E+00
0.0000000000000000E+00
-7.3711953360450680E-02
-1.4549176671661937E-01
-2.1772128696910248E-01
-2.8389186458409638E-01
-3.3998574682209237E-01
-3.8188905903421200E-01
-4.0763436408775577E-01
-4.1632911142884149E-01
-4.0763436408775805E-01
-3.8188905903421622E-01
-3.3998574682209515E-01
-2.8389186458409987E-01
-2.1772128696910481E-01
-1.4549176671661943E-01
-7.3711953360452151E-02
0.0000000000000000E+00
0.0000000000000000E+00
-1.2011369463471036E-01
-2.4212426645233798E-01
-3.6119015539102922E-01
-4.6916766147335814E-01
-5.5702709058334532E-01
-6.2163459288300771E-01
-6.6086063809242168E-01
-6.7403279667064153E-01
-6.6086063809242324E-01
-6.2163459288301470E-01
-5.5702709058335254E-01
-4.6916766147336481E-01
-3.6119015539103638E-01
-2.4212426645234233E-01
-1.2011369463471266E-01
0.0000000000000000E+00
0.0000000000000000E+00
-1.8858079497972355E-01
-3.7207676553115532E-01
-5.5601926212172847E-01
-7.1061026766220481E-01
-8.3289328707688970E-01
-9.2073100811711828E-01
-9.7350458711448673E-01
-9.9116337007084776E-01
-9.7350458711449328E-01
-9.2073100811713049E-01
-8.3289328707690480E-01
-7.1061026766222113E-01
-5.5601926212174402E-01
-3.7207676553116897E-01
-1.8858079497973124E-01
0.0000000000000000E+00
0.0000000000000000E+00
-2.8947499145430705E-01
-5.8925687732831367E-01
-8.3587381858658560E-01
-1.0362666138768879E+00
-1.1903764960939727E+00
-1.2998513813012613E+00
-1.3653362676619580E+00
-1.3871120839039668E+00
-1.3653362676619689E+00
-1.2998513813012786E+00
-1.1903764960940029E+00
-1.0362666138769250E+00
-8.3587381858662269E-01
-5.8925687732834542E-01
-2.8947499145432415E-01
0.0000000000000000E+00
0.0000000000000000E+00
-5.5419252343651582E-01
-9.3959014394425577E-01
-1.2350996697192833E+00
-1.4703922685282786E+00
-1.6501644665600614E+00
-1.7784889020266570E+00
-1.8549128984299017E+00
-1.8807280057659106E+00
-1.8549128984299168E+00
-1.7784889020266963E+00
-1.6501644665601116E+00
-1.4703922685283439E+00
-1.2350996697193592E+00
-9.3959014394433094E-01
-5.5419252343657222E-01
0.0000000000000000E+00
0.0000000000000000E+00
5.5493982995801694E-01
9.4122354708330913E-01
1.2375321012475318E+00
1.4735153571215824E+00
1.6538608693720604E+00
1.7826173843804345E+00
1.8593081268716862E+00
1.8852162152844301E+00
1.8593081268717073E+00
1.7826173843804731E+00
1.6538608693721111E+00
1.4735153571216442E+00
1.2375321012476022E+00
9.4122354708338118E-01
5.5493982995807212E-01
0.0000000000000000E+00
0.0000000000000000E+00
2.9048930408315210E-01
5.9093592674336914E-01
8.3819846195719716E-01
1.0391408345346536E+00
1.1936981623231655E+00
1.3035015021766840E+00
1.3691867212676703E+00
1.3910297384805492E+00
1.3691867212676829E+00
1.3035015021767045E+00
1.1936981623231946E+00
1.0391408345346866E+00
8.3819846195723180E-01
5.9093592674339779E-01
2.9048930408316836E-01
0.0000000000000000E+00
0.0000000000000000E+00
1.8949709738566842E-01
3.7366225725354119E-01
5.5808629347184135E-01
7.1308201929498094E-01
8.3568051711016833E-01
9.2374556735139646E-01
9.7665484462413088E-01
9.9435920843727232E-01
9.7665484462413832E-01
9.2374556735141167E-01
8.3568051711018365E-01
7.1308201929499559E-01
5.5808629347185368E-01
3.7366225725354846E-01
1.8949709738567533E-01
0.0000000000000000E+00
0.0000000000000000E+00
1.2084868016192778E-01
2.4339017869378113E-01
3.6284471249976080E-01
4.7110714686096916E-01
5.5917798760633497E-01
6.2393025522237588E-01
6.6324101176779626E-01
6.7644088656198276E-01
6.6324101176779959E-01
6.2393025522238188E-01
5.5917798760634407E-01
4.7110714686097949E-01
3.6284471249976818E-01
2.4339017869378479E-01
1.2084868016192979E-01
0.0000000000000000E+00
0.0000000000000000E+00
7.4211323958944739E-02
1.4636890539256936E-01
2.1886351371400287E-01
2.8522121589826721E-01
3.4144251066166853E-01
3.8342947988058984E-01
4.0922200153305321E-01
4.1793198476299498E-01
4.0922200153305405E-01
3.8342947988059112E-01
3.4144251066167314E-01
2.8522121589827398E-01
2.1886351371400714E-01
1.4636890539257041E-01
7.4211323958944975E-02
0.0000000000000000E+00
0.0000000000000000E+00
3.4985340598310682E-02
6.9173332907718391E-02
1.0301914851349019E-01
1.3467838007171209E-01
1.6165602816666952E-01
1.8214944174067754E-01
1.9481293788079543E-01
1.9911078722430495E-01
1.9481293788079529E-01
1.8214944174067771E-01
1.6165602816667055E-01
1.3467838007171468E-01
1.0301914851349388E-01
6.9173332907719223E-02
3.4985340598309808E-02
0.0000000000000000E+00
0.0000000000000000E+00
3.7965667754950087E-16
8.6526900958912765E-16
9.2235974725394295E-16
5.9723206239520483E-16
3.9493091478643294E-16
-5.5349413018723958E-16
-1.5694757391577608E-15
-2.1703003192060519E-15
-4.0040496414615826E-16
-1.2510940800803767E-16
2.9878211317467762E-15
2.8204300287506135E-15
3.3440483901998049E-15
3.6504241161525659E-15
1.5151866406139642E-15
0.0000000000000000E+00
0.0000000000000000E+00
-3.4985340598309808E-02
-6.9173332907717072E-02
-1.0301914851348834E-01
-1.3467838007171007E-01
-1.6165602816666827E-01
-1.8214944174067721E-01
-1.9481293788079704E-01
-1.9911078722430750E-01
-1.9481293788079590E-01
-1.8214944174067627E-01
-1.6165602816666763E-01
-1.3467838007171062E-01
-1.0301914851348876E-01
-6.9173332907716517E-02
-3.4985340598308955E-02
0.0000000000000000E+00
0.0000000000000000E+00
-7.4211323958944170E-02
-1.4636890539256781E-01
-2.1886351371400109E-01
-2.8522121589826577E-01
-3.4144251066166686E-01
-3.8342947988058884E-01
-4.0922200153305271E-01
-4.1793198476299587E-01
-4.0922200153305488E-01
-3.8342947988059212E-01
-3.4144251066166947E-01
-2.8522121589826899E-01
-2.1886351371400362E-01
-1.4636890539256747E-01
-7.4211323958944753E-02
0.0000000000000000E+00
0.0000000000000000E+00
-1.2084868016192700E-01
-2.4339017869377960E-01
-3.6284471249975864E-01
-4.7110714686096566E-01
-5.5917798760633186E-01
-6.2393025522237378E-01
-6.6324101176779471E-01
-6.7644088656198065E-01
-6.6324101176779759E-01
-6.2393025522237922E-01
-5.5917798760633919E-01
-4.7110714686097438E-01
-3.6284471249976541E-01
-2.4339017869378496E-01
-1.2084868016193022E-01
0.0000000000000000E+00
0.0000000000000000E+00
-1.8949709738566775E-01
-3.7366225725353902E-01
-5.5808629347183836E-01
-7.1308201929497717E-01
-8.3568051711016356E-01
-9.2374556735139435E-01
-9.7665484462412899E-01
-9.9435920843726844E-01
-9.7665484462413266E-01
-9.2374556735140356E-01
-8.3568051711018021E-01
-7.1308201929499360E-01
-5.5808629347185490E-01
-3.7366225725355212E-01
-1.8949709738567599E-01
0.0000000000000000E+00
0.0000000000000000E+00
-2.9048930408315082E-01
-5.9093592674336648E-01
-8.3819846195719427E-01
-1.0391408345346471E+00
-1.1936981623231604E+00
-1.3035015021766772E+00
-1.3691867212676645E+00
-1.3910297384805408E+00
-1.3691867212676734E+00
-1.3035015021766978E+00
-1.1936981623231915E+00
-1.0391408345346866E+00
-8.3819846195723269E-01
-5.9093592674339823E-01
-2.9048930408316775E-01
0.0000000000000000E+00
0.0000000000000000E+00
-5.5493982995801505E-01
-9.4122354708330513E-01
-1.2375321012475256E+00
-1.4735153571215771E+00
-1.6538608693720571E+00
-1.7826173843804309E+00
-1.8593081268716778E+00
-1.8852162152844165E+00
-1.8593081268716967E+00
-1.7826173843804669E+00
-1.6538608693721100E+00
-1.4735153571216431E+00
-1.2375321012476048E+00
-9.4122354708338063E-01
-5.5493982995807045E-01
0.0000000000000000E+00
0.0000000000000000E+00
5.5581289421813962E-01
9.4325307790714397E-01
1.2406443626695345E+00
1.4775828587808799E+00
1.6587266820527515E+00
1.7880877181711630E+00
1.8651497090144089E+00
1.8911882101828577E+00
1.8651497090144264E+00
1.7880877181712005E+00
1.6587266820528006E+00
1.4775828587809430E+00
1.2406443626696129E+00
9.4325307790722512E-01
5.5581289421819480E-01
0.0000000000000000E+00
0.0000000000000000E+00
2.9181803468525808E-01
5.9311627871629558E-01
8.4120180873798744E-01
1.0428532800180941E+00
1.1979870540443278E+00
1.3082131616063812E+00
1.3741555684304676E+00
1.3960846396002098E+00
1.3741555684304791E+00
1.3082131616064010E+00
1.1979870540443598E+00
1.0428532800181340E+00
8.4120180873802242E-01
5.9311627871632389E-01
2.9181803468527467E-01
0.0000000000000000E+00
0.0000000000000000E+00
1.9071368095184407E-01
3.7573411838565041E-01
5.6075296954172138E-01
7.1623770608803117E-01
8.3921300508346008E-01
9.2754595166294540E-01
9.8061367492766827E-01
9.9837113688325618E-01
9.8061367492767459E-01
9.2754595166295650E-01
8.3921300508347707E-01
7.1623770608804904E-01
5.6075296954173393E-01
3.7573411838566007E-01
1.9071368095185165E-01
0.0000000000000000E+00
0.0000000000000000E+00
1.2181712946153038E-01
2.4503862428064233E-01
3.6496778181578465E-01
4.7356013864545038E-01
5.6186586049960818E-01
6.2677294720190169E-01
6.6617212026530837E-01
6.7940044144401179E-01
6.6617212026531059E-01
6.2677294720190802E-01
5.6186586049961695E-01
4.7356013864545837E-01
3.6496778181578998E-01
2.4503862428064557E-01
1.2181712946153192E-01
0.0000000000000000E+00
0.0000000000000000E+00
7.4863871894254988E-02
1.4750247251497781E-01
2.2031899236811103E-01
2.8688824791322809E-01
3.4324274759738166E-01
3.8531084207904337E-01
4.1114670944750048E-01
4.1987017401154225E-01
4.1114670944749993E-01
3.8531084207904415E-01
3.4324274759738382E-01
2.8688824791323358E-01
2.2031899236811364E-01
1.4750247251497889E-01
7.4863871894256029E-02
0.0000000000000000E+00
0.0000000000000000E+00
3.5313233500911270E-02
6.9744205459163391E-02
1.0375414515320515E-01
1.3551658499941463E-01
1.6255629898571139E-01
1.8308426339415598E-01
1.9576522008345945E-01
2.0006817841281405E-01
1.9576522008345840E-01
1.8308426339415446E-01
1.6255629898571261E-01
1.3551658499941704E-01
1.0375414515320776E-01
6.9744205459164557E-02
3.5313233500910653E-02
0.0000000000000000E+00
0.0000000000000000E+00
3.6868556760084531E-16
3.6507218489424371E-16
5.2415760967806977E-16
4.4326385692225915E-16
7.8243601850512187E-16
-3.6426164464312417E-17
-1.0375769319224398E-15
3.2407858274050248E-17
-1.7089638797282978E-16
1.1478169500143010E-15
2.5086893291399758E-15
-3.3115772896450711E-16
1.6416233244403991E-15
1.8338500934390442E-15
1.3702762866480002E-15
0.0000000000000000E+00
0.0000000000000000E+00
-3.5313233500910757E-02
-6.9744205459162475E-02
-1.0375414515320404E-01
-1.3551658499941388E-01
-1.6255629898571095E-01
-1.8308426339415529E-01
-1.9576522008346015E-01
-2.0006817841281585E-01
-1.9576522008346020E-01
-1.8308426339415368E-01
-1.6255629898570967E-01
-1.3551658499941324E-01
-1.0375414515320386E-01
-6.9744205459159811E-02
-3.5313233500909279E-02
0.0000000000000000E+00
0.0000000000000000E+00
-7.4863871894254155E-02
-1.4750247251497728E-01
-2.2031899236810970E-01
-2.8688824791322720E-01
-3.4324274759737994E-01
-3.8531084207904243E-01
-4.1114670944749909E-01
-4.1987017401154220E-01
-4.1114670944750042E-01
-3.8531084207904470E-01
-3.4324274759738305E-01
-2.8688824791322909E-01
-2.2031899236811131E-01
-1.4750247251498080E-01
-7.4863871894255904E-02
0.0000000000000000E+00
0.0000000000000000E+00
-1.2181712946152985E-01
-2.4503862428064144E-01
-3.6496778181578315E-01
-4.7356013864544777E-01
-5.6186586049960585E-01
-6.2677294720190024E-01
-6.6617212026530848E-01
-6.7940044144401235E-01
-6.6617212026530981E-01
-6.2677294720190524E-01
-5.6186586049961251E-01
-4.7356013864545410E-01
-3.6496778181578909E-01
-2.4503862428064788E-01
-1.2181712946153395E-01
0.0000000000000000E+00
0.0000000000000000E+00
-1.9071368095184346E-01
-3.7573411838565007E-01
-5.6075296954171983E-01
-7.1623770608802928E-01
-8.3921300508345675E-01
-9.2754595166294040E-01
-9.8061367492766527E-01
-9.9837113688325607E-01
-9.8061367492767137E-01
-9.2754595166295373E-01
-8.3921300508347252E-01
-7.1623770608804727E-01
-5.6075296954173648E-01
-3.7573411838566417E-01
-1.9071368095185179E-01
0.0000000000000000E+00
0.0000000000000000E+00
-2.9181803468525697E-01
-5.9311627871629347E-01
-8.4120180873798356E-01
-1.0428532800180916E+00
-1.1979870540443223E+00
-1.3082131616063755E+00
-1.3741555684304618E+00
-1.3960846396002042E+00
-1.3741555684304740E+00
-1.3082131616063968E+00
-1.1979870540443560E+00
-1.0428532800181303E+00
-8.4120180873802231E-01
-5.9311627871632522E-01
-2.9181803468527406E-01
0.0000000000000000E+00
0.0000000000000000E+00
-5.5581289421813818E-01
-9.4325307790714152E-01
-1.2406443626695316E+00
-1.4775828587808753E+00
-1.6587266820527489E+00
-1.7880877181711585E+00
-1.8651497090143978E+00
-1.8911882101828412E+00
-1.8651497090144209E+00
-1.7880877181712007E+00
-1.6587266820528037E+00
-1.4775828587809468E+00
-1.2406443626696082E+00
-9.4325307790721802E-01
-5.5581289421819435E-01
0.0000000000000000E+00
0.0000000000000000E+00
5.5664093594793473E-01
9.4543334143551672E-01
1.2441742893221197E+00
1.4823234248550035E+00
1.6644832246672971E+00
1.7946086398484649E+00
1.8721362550605740E+00
1.8983383506291536E+00
1.8721362550605964E+00
1.7946086398485059E+00
1.6644832246673524E+00
1.4823234248550712E+00
1.2441742893221981E+00
9.4543334143559310E-01
5.5664093594799080E-01
0.0000000000000000E+00
0.0000000000000000E+00
2.9341289855895542E-01
5.9563274577704461E-01
8.4465289689179679E-01
1.0471004694110631E+00
1.2028784530637329E+00
1.3135706924281212E+00
1.3797952083300569E+00
1.4018174484396722E+00
1.3797952083300684E+00
1.3135706924281452E+00
1.2028784530637671E+00
1.0471004694111001E+00
8.4465289689183520E-01
5.9563274577707737E-01
2.9341289855897257E-01
0.0000000000000000E+00
0.0000000000000000E+00
1.9217048919031476E-01
3.7818086590149524E-01
5.6381215696222065E-01
7.1978370233983646E-01
8.4311464223580257E-01
9.3169265317704231E-01
9.8490125254358563E-01
1.0027054786454064E+00
9.8490125254359195E-01
9.3169265317705674E-01
8.4311464223582000E-01
7.1978370233985411E-01
5.6381215696223719E-01
3.7818086590150607E-01
1.9217048919032256E-01
0.0000000000000000E+00
0.0000000000000000E+00
1.2296674309296633E-01
2.4695626836838397E-01
3.6737238641833492E-01
4.7626034279900453E-01
5.6475123835279673E-01
6.2976507664412185E-01
6.6921987716069875E-01
6.8246466443495357E-01
6.6921987716070119E-01
6.2976507664412651E-01
5.6475123835280461E-01
4.7626034279901386E-01
3.6737238641834097E-01
2.4695626836838702E-01
1.2296674309296911E-01
0.0000000000000000E+00
0.0000000000000000E+00
7.5623484072329439E-02
1.4880414225969693E-01
2.2194416235494355E-01
2.8869379834452080E-01
3.4513356342724771E-01
3.8723801520757334E-01
4.1308638407427362E-01
4.2181231394971991E-01
4.1308638407427273E-01
3.8723801520757373E-01
3.4513356342725005E-01
2.8869379834452191E-01
2.2194416235494602E-01
1.4880414225969885E-01
7.5623484072331146E-02
0.0000000000000000E+00
0.0000000000000000E+00
3.5690731512388281E-02
7.0391685360648965E-02
1.0456597039844037E-01
1.3641330633952062E-01
1.6348846611470103E-01
1.8402537745185926E-01
1.9670622144573563E-01
2.0100792978742635E-01
1.9670622144573502E-01
1.8402537745185896E-01
1.6348846611470161E-01
1.3641330633952148E-01
1.0456597039844175E-01
7.0391685360648978E-02
3.5690731512387920E-02
0.0000000000000000E+00
0.0000000000000000E+00
1.9904964557885525E-16
7.1880040041455369E-16
6.1070734339433999E-16
5.3467386315647788E-16
8.6170453205681928E-16
5.6777913640943745E-16
-1.2889690281707328E-15
-2.4802446397362895E-15
-3.7997902176031589E-16
8.6817354514326406E-16
-1.5831986574433486E-16
-6.4595667995080846E-16
2.2324527257978458E-15
2.0694230685368033E-15
1.4264588112334648E-15
0.0000000000000000E+00
0.0000000000000000E+00
-3.5690731512387622E-02
-7.0391685360648062E-02
-1.0456597039843878E-01
-1.3641330633951890E-01
-1.6348846611469936E-01
-1.8402537745185929E-01
-1.9670622144573757E-01
-2.0100792978742993E-01
-1.9670622144573618E-01
-1.8402537745185893E-01
-1.6348846611470003E-01
-1.3641330633951862E-01
-1.0456597039843930E-01
-7.0391685360646120E-02
-3.5690731512387379E-02
0.0000000000000000E+00
0.0000000000000000E+00
-7.5623484072329009E-02
-1.4880414225969574E-01
-2.2194416235494194E-01
-2.8869379834451886E-01
-3.4513356342724616E-01
-3.8723801520757145E-01
-4.1308638407427228E-01
-4.2181231394971908E-01
-4.1308638407427378E-01
-3.8723801520757450E-01
-3.4513356342724921E-01
-2.8869379834452474E-01
-2.2194416235494493E-01
-1.4880414225969624E-01
-7.5623484072330382E-02
0.0000000000000000E+00
0.0000000000000000E+00
-1.2296674309296622E-01
-2.4695626836838369E-01
-3.6737238641833386E-01
-4.7626034279900303E-01
-5.6475123835279450E-01
-6.2976507664412029E-01
-6.6921987716069742E-01
-6.8246466443495324E-01
-6.6921987716070019E-01
-6.2976507664412407E-01
-5.6475123835280250E-01
-4.7626034279901303E-01
-3.6737238641834158E-01
-2.4695626836838966E-01
-1.2296674309297013E-01
0.0000000000000000E+00
0.0000000000000000E+00
-1.9217048919031487E-01
-3.7818086590149563E-01
-5.6381215696222087E-01
-7.1978370233983557E-01
-8.4311464223579990E-01
-9.3169265317703875E-01
-9.8490125254358540E-01
-1.0027054786454073E+00
-9.8490125254359095E-01
-9.3169265317705330E-01
-8.4311464223581734E-01
-7.1978370233985178E-01
-5.6381215696223752E-01
-3.7818086590150929E-01
-1.9217048919032337E-01
0.0000000000000000E+00
0.0000000000000000E+00
-2.9341289855895525E-01
-5.9563274577704362E-01
-8.4465289689179568E-01
-1.0471004694110608E+00
-1.2028784530637306E+00
-1.3135706924281176E+00
-1.3797952083300544E+00
-1.4018174484396724E+00
-1.3797952083300664E+00
-1.3135706924281429E+00
-1.2028784530637626E+00
-1.0471004694110979E+00
-8.4465289689183543E-01
-5.9563274577707548E-01
-2.9341289855897307E-01
0.0000000000000000E+00
0.0000000000000000E+00
-5.5664093594793373E-01
-9.4543334143551583E-01
-1.2441742893221162E+00
-1.4823234248549990E+00
-1.6644832246672945E+00
-1.7946086398484642E+00
-1.8721362550605689E+00
-1.8983383506291436E+00
-1.8721362550605922E+00
-1.7946086398485024E+00
-1.6644832246673527E+00
-1.4823234248550687E+00
-1.2441742893221934E+00
-9.4543334143559332E-01
-5.5664093594799080E-01
0.0000000000000000E+00
0.0000000000000000E+00
5.5704740094263550E-01
9.4721540149275907E-01
1.2474749176824014E+00
1.4870465434581699E+00
1.6703903697836617E+00
1.8014083111754233E+00
1.8794679646192836E+00
1.9058594891301388E+00
1.8794679646193087E+00
1.8014083111754702E+00
1.6703903697837195E+00
1.4870465434582389E+00
1.2474749176824802E+00
9.4721540149283778E-01
5.5704740094268990E-01
0.0000000000000000E+00
0.0000000000000000E+00
2.9505979377358327E-01
5.9809100057303644E-01
8.4797446139082844E-01
1.0511660156195675E+00
1.2075405952807088E+00
1.3186607239578982E+00
1.3851413959477663E+00
1.4072474380755793E+00
1.3851413959477774E+00
1.3186607239579218E+00
1.2075405952807432E+00
1.0511660156196065E+00
8.4797446139086785E-01
5.9809100057306974E-01
2.9505979377360170E-01
0.0000000000000000E+00
0.0000000000000000E+00
1.9369811803092177E-01
3.8064731850088412E-01
5.6673828547500804E-01
7.2303422590038746E-01
8.4657324784299048E-01
9.3528065503391844E-01
9.8855688855946666E-01
1.0063833567598754E+00
9.8855688855947021E-01
9.3528065503393099E-01
8.4657324784300658E-01
7.2303422590040656E-01
5.6673828547502447E-01
3.8064731850089689E-01
1.9369811803093029E-01
0.0000000000000000E+00
0.0000000000000000E+00
1.2414896329592572E-01
2.4884812761905409E-01
3.6961925126004452E-01
4.7863369642793485E-01
5.6714925116551729E-01
6.3214028161503721E-01
6.7156879963457750E-01
6.8480197462833570E-01
6.7156879963457883E-01
6.3214028161504043E-01
5.6714925116552262E-01
4.7863369642794035E-01
3.6961925126005091E-01
2.4884812761905922E-01
1.2414896329592931E-01
0.0000000000000000E+00
0.0000000000000000E+00
7.6378939109893684E-02
1.5005505738082203E-01
2.2342046335343174E-01
2.9022431330044307E-01
3.4662339066187270E-01
3.8866081807833941E-01
4.1445562984380874E-01
4.2316128389344654E-01
4.1445562984380668E-01
3.8866081807833780E-01
3.4662339066187270E-01
2.9022431330044518E-01
2.2342046335343277E-01
1.5005505738082472E-01
7.6378939109895835E-02
0.0000000000000000E+00
0.0000000000000000E+00
3.6058374480831018E-02
7.1000321770415806E-02
1.0528718453493699E-01
1.3715280657293102E-01
1.6419675907465411E-01
1.8468697412929880E-01
1.9733192834604554E-01
2.0161998307352447E-01
1.9733192834604490E-01
1.8468697412929749E-01
1.6419675907465350E-01
1.3715280657293039E-01
1.0528718453493612E-01
7.1000321770417846E-02
3.6058374480832919E-02
0.0000000000000000E+00
0.0000000000000000E+00
3.9530629403763504E-16
4.7905418183829923E-16
5.8682205186901774E-16
9.5388130968284576E-16
-1.0998052553747287E-17
-1.5746627676694226E-15
-2.1907007406512285E-15
-1.9469020714053259E-15
3.6393344060928269E-17
4.5882443501584715E-16
-8.7216266926420800E-16
-2.2050445945217497E-16
6.6533439033096009E-16
2.8963994706720558E-15
1.8328229578995773E-15
0.0000000000000000E+00
0.0000000000000000E+00
-3.6058374480830532E-02
-7.1000321770415015E-02
-1.0528718453493562E-01
-1.3715280657292966E-01
-1.6419675907465331E-01
-1.8468697412929697E-01
-1.9733192834604651E-01
-2.0161998307352649E-01
-1.9733192834604682E-01
-1.8468697412929691E-01
-1.6419675907465400E-01
-1.3715280657293027E-01
-1.0528718453493568E-01
-7.1000321770415445E-02
-3.6058374480831309E-02
0.0000000000000000E+00
0.0000000000000000E+00
-7.6378939109893240E-02
-1.5005505738082181E-01
-2.2342046335342958E-01
-2.9022431330044168E-01
-3.4662339066186987E-01
-3.8866081807833741E-01
-4.1445562984380602E-01
-4.2316128389344748E-01
-4.1445562984380768E-01
-3.8866081807833780E-01
-3.4662339066187420E-01
-2.9022431330044618E-01
-2.2342046335343305E-01
-1.5005505738082353E-01
-7.6378939109895197E-02
0.0000000000000000E+00
0.0000000000000000E+00
-1.2414896329592547E-01
-2.4884812761905395E-01
-3.6961925126004375E-01
-4.7863369642793219E-01
-5.6714925116551418E-01
-6.3214028161503399E-01
-6.7156879963457694E-01
-6.8480197462833570E-01
-6.7156879963458049E-01
-6.3214028161504265E-01
-5.6714925116552461E-01
-4.7863369642794301E-01
-3.6961925126005230E-01
-2.4884812761906144E-01
-1.2414896329592984E-01
0.0000000000000000E+00
0.0000000000000000E+00
-1.9369811803092160E-01
-3.8064731850088418E-01
-5.6673828547500749E-01
-7.2303422590038702E-01
-8.4657324784298849E-01
-9.3528065503391911E-01
-9.8855688855946400E-01
-1.0063833567598777E+00
-9.8855688855947277E-01
-9.3528065503393309E-01
-8.4657324784300592E-01
-7.2303422590040645E-01
-5.6673828547502580E-01
-3.8064731850089967E-01
-1.9369811803093018E-01
0.0000000000000000E+00
0.0000000000000000E+00
-2.9505979377358404E-01
-5.9809100057303843E-01
-8.4797446139082955E-01
-1.0511660156195666E+00
-1.2075405952807063E+00
-1.3186607239578945E+00
-1.3851413959477634E+00
-1.4072474380755786E+00
-1.3851413959477761E+00
-1.3186607239579178E+00
-1.2075405952807383E+00
-1.0511660156196041E+00
-8.4797446139086607E-01
-5.9809100057306963E-01
-2.9505979377360175E-01
0.0000000000000000E+00
0.0000000000000000E+00
-5.5704740094263350E-01
-9.4721540149275640E-01
-1.2474749176824009E+00
-1.4870465434581706E+00
-1.6703903697836635E+00
-1.8014083111754247E+00
-1.8794679646192807E+00
-1.9058594891301313E+00
-1.8794679646193029E+00
-1.8014083111754644E+00
-1.6703903697837161E+00
-1.4870465434582358E+00
-1.2474749176824769E+00
-9.4721540149283578E-01
-5.5704740094269145E-01
0.0000000000000000E+00
0.0000000000000000E+00
5.5659167680396882E-01
9.4792398941709544E-01
1.2497923879290396E+00
1.4908696093987819E+00
1.6754608911025326E+00
1.8073892839783259E+00
1.8859802669217711E+00
1.9125619318985010E+00
1.8859802669217938E+00
1.8073892839783672E+00
1.6754608911025914E+00
1.4908696093988529E+00
1.2497923879291188E+00
9.4792398941717193E-01
5.5659167680402166E-01
0.0000000000000000E+00
0.0000000000000000E+00
2.9656903288412206E-01
6.0000257365113030E-01
8.5043562974991349E-01
1.0540707597380377E+00
1.2107985911552583E+00
1.3221569152557930E+00
1.3887811233485390E+00
1.4109316520934148E+00
1.3887811233485494E+00
1.3221569152558152E+00
1.2107985911552912E+00
1.0540707597380778E+00
8.5043562974995346E-01
6.0000257365116205E-01
2.9656903288413999E-01
0.0000000000000000E+00
0.0000000000000000E+00
1.9509135027147614E-01
3.8273146560029425E-01
5.6884695144890285E-01
7.2505382923313033E-01
8.4844089650287480E-01
9.3701347814607161E-01
9.9019740095101005E-01
1.0079931620561196E+00
9.9019740095101527E-01
9.3701347814608127E-01
8.4844089650289212E-01
7.2505382923314809E-01
5.6884695144891850E-01
3.8273146560030724E-01
1.9509135027148639E-01
0.0000000000000000E+00
0.0000000000000000E+00
1.2517035188662970E-01
2.5032941695951333E-01
3.7110946783693732E-01
4.7987628929785975E-01
5.6808633992781088E-01
6.3280357891323680E-01
6.7205355416824075E-01
6.8522351344007548E-01
6.7205355416824208E-01
6.3280357891323957E-01
5.6808633992781588E-01
4.7987628929786741E-01
3.7110946783694498E-01
2.5032941695952038E-01
1.2517035188663442E-01
0.0000000000000000E+00
0.0000000000000000E+00
7.6973976861138105E-02
1.5096133855119251E-01
2.2430360415146514E-01
2.9090083094935920E-01
3.4701705268868199E-01
3.8880187112204895E-01
4.1442812146092928E-01
4.2307472515488825E-01
4.1442812146093000E-01
3.8880187112204639E-01
3.4701705268868155E-01
2.9090083094935903E-01
2.2430360415146824E-01
1.5096133855119651E-01
7.6973976861140894E-02
0.0000000000000000E+00
0.0000000000000000E+00
3.6330582653778316E-02
7.1409768216180336E-02
1.0568236186666570E-01
1.3743184019213542E-01
1.6432077821509311E-01
1.8466741236429748E-01
1.9721622035252925E-01
2.0147004794950332E-01
1.9721622035252831E-01
1.8466741236429651E-01
1.6432077821509256E-01
1.3743184019213342E-01
1.0568236186666438E-01
7.1409768216182501E-02
3.6330582653780655E-02
0.0000000000000000E+00
0.0000000000000000E+00
8.4121127001159843E-17
2.2907831782136682E-16
3.0383941678704179E-16
2.2510302040031466E-16
-2.3182804542205229E-16
-4.8947963535514300E-16
-1.5753217543720143E-15
-1.0754598714946764E-15
-1.6011221538735866E-15
-3.0288185748130605E-15
-9.4693546157609184E-17
-3.5752944786063463E-16
-8.2350897458151267E-16
4.2495832588905138E-16
1.3143092198590313E-15
0.0000000000000000E+00
0.0000000000000000E+00
-3.6330582653777900E-02
-7.1409768216179795E-02
-1.0568236186666445E-01
-1.3743184019213392E-01
-1.6432077821509147E-01
-1.8466741236429723E-01
-1.9721622035252928E-01
-2.0147004794950474E-01
-1.9721622035253045E-01
-1.8466741236429951E-01
-1.6432077821509514E-01
-1.3743184019213492E-01
-1.0568236186666523E-01
-7.1409768216182543E-02
-3.6330582653779406E-02
0.0000000000000000E+00
0.0000000000000000E+00
-7.6973976861138063E-02
-1.5096133855119184E-01
-2.2430360415146386E-01
-2.9090083094935626E-01
-3.4701705268867938E-01
-3.8880187112204506E-01
-4.1442812146092789E-01
-4.2307472515488920E-01
-4.1442812146093183E-01
-3.8880187112204945E-01
-3.4701705268868643E-01
-2.9090083094936486E-01
-2.2430360415146766E-01
-1.5096133855119404E-01
-7.6973976861139021E-02
0.0000000000000000E+00
0.0000000000000000E+00
-1.2517035188662956E-01
-2.5032941695951283E-01
-3.7110946783693571E-01
-4.7987628929785703E-01
-5.6808633992780888E-01
-6.3280357891323669E-01
-6.7205355416824097E-01
-6.8522351344007815E-01
-6.7205355416824497E-01
-6.3280357891324512E-01
-5.6808633992782065E-01
-4.7987628929786919E-01
-3.7110946783694554E-01
-2.5032941695951849E-01
-1.2517035188663325E-01
0.0000000000000000E+00
0.0000000000000000E+00
-1.9509135027147628E-01
-3.8273146560029403E-01
-5.6884695144890152E-01
-7.2505382923312955E-01
-8.4844089650287347E-01
-9.3701347814607028E-01
-9.9019740095100961E-01
-1.0079931620561207E+00
-9.9019740095101727E-01
-9.3701347814608260E-01
-8.4844089650289312E-01
-7.2505382923315032E-01
-5.6884695144892028E-01
-3.8273146560030796E-01
-1.9509135027148500E-01
0.0000000000000000E+00
0.0000000000000000E+00
-2.9656903288412184E-01
-6.0000257365112897E-01
-8.5043562974991305E-01
-1.0540707597380385E+00
-1.2107985911552570E+00
-1.3221569152557904E+00
-1.3887811233485361E+00
-1.4109316520934114E+00
-1.3887811233485494E+00
-1.3221569152558141E+00
-1.2107985911552892E+00
-1.0540707597380763E+00
-8.5043562974995179E-01
-6.0000257365116183E-01
-2.9656903288413977E-01
0.0000000000000000E+00
0.0000000000000000E+00
-5.5659167680396771E-01
-9.4792398941709444E-01
-1.2497923879290376E+00
-1.4908696093987808E+00
-1.6754608911025337E+00
-1.8073892839783277E+00
-1.8859802669217700E+00
-1.9125619318984992E+00
-1.8859802669217893E+00
-1.8073892839783643E+00
-1.6754608911025843E+00
-1.4908696093988418E+00
-1.2497923879291137E+00
-9.4792398941717049E-01
-5.5659167680402433E-01
0.0000000000000000E+00
0.0000000000000000E+00
5.5424524540122089E-01
9.4624210746432791E-01
1.2494928143354163E+00
1.4920294321426890E+00
1.6777095608207881E+00
1.8104272487632940E+00
1.8894496726581820E+00
1.9161906542479044E+00
1.8894496726582015E+00
1.8104272487633355E+00
1.6777095608208432E+00
1.4920294321427587E+00
1.2494928143354931E+00
9.4624210746440229E-01
5.5424524540127174E-01
0.0000000000000000E+00
0.0000000000000000E+00
2.9737502810129973E-01
6.0029281646905275E-01
8.5048478045025733E-01
1.0539233957440457E+00
1.2104846224836798E+00
1.3217196774914859E+00
1.3882743836070011E+00
1.4103984459047352E+00
1.3882743836070115E+00
1.3217196774915068E+00
1.2104846224837107E+00
1.0539233957440828E+00
8.5048478045029596E-01
6.0029281646908528E-01
2.9737502810131766E-01
0.0000000000000000E+00
0.0000000000000000E+00
1.9584722078721978E-01
3.8345629753934463E-01
5.6874137847197626E-01
7.2408436737054094E-01
8.4670973045724907E-01
9.3471995073056846E-01
9.8756224460354891E-01
1.0052465796539971E+00
9.8756224460355502E-01
9.3471995073057901E-01
8.4670973045726494E-01
7.2408436737055892E-01
5.6874137847199180E-01
3.8345629753935917E-01
1.9584722078722849E-01
0.0000000000000000E+00
0.0000000000000000E+00
1.2561618091369831E-01
2.5059778633034613E-01
3.7070971666696256E-01
4.7857473266486000E-01
5.6595052945976398E-01
6.3001388415708437E-01
6.6886131663930937E-01
6.8189533034982908E-01
6.6886131663931103E-01
6.3001388415708748E-01
5.6595052945976987E-01
4.7857473266486750E-01
3.7070971666697056E-01
2.5059778633035285E-01
1.2561618091370258E-01
0.0000000000000000E+00
0.0000000000000000E+00
7.7108490463002027E-02
1.5095160302148983E-01
2.2380259352210227E-01
2.8974379202877615E-01
3.4520451555818182E-01
3.8646281821183609E-01
4.1175753283982708E-01
4.2029173256252872E-01
4.1175753283982613E-01
3.8646281821183714E-01
3.4520451555818343E-01
2.8974379202877976E-01
2.2380259352210580E-01
1.5095160302149471E-01
7.7108490463004345E-02
0.0000000000000000E+00
0.0000000000000000E+00
3.6352747428259224E-02
7.1326570418832377E-02
1.0534658374541131E-01
1.3675245865600152E-01
1.6329747648626497E-01
1.8335989436005282E-01
1.9572812604801285E-01
1.9991999139476399E-01
1.9572812604801204E-01
1.8335989436005207E-01
1.6329747648626441E-01
1.3675245865600250E-01
1.0534658374541245E-01
7.1326570418834515E-02
3.6352747428260897E-02
0.0000000000000000E+00
0.0000000000000000E+00
1.4880627649196299E-16
4.9196002789822863E-16
4.0465614810148534E-16
2.1941592454416520E-16
5.5463937757522014E-16
3.6356836670450656E-16
-1.5219787702811058E-15
-6.4250221408749272E-16
-4.4123590533392432E-16
-8.4619134801277251E-16
1.8963806497158221E-16
1.9495350911926743E-15
-1.3372265645110976E-16
-8.8997643727058877E-16
4.1756571906722353E-16
0.0000000000000000E+00
0.0000000000000000E+00
-3.6352747428259127E-02
-7.1326570418832003E-02
-1.0534658374541063E-01
-1.3675245865600080E-01
-1.6329747648626419E-01
-1.8335989436005240E-01
-1.9572812604801326E-01
-1.9991999139476574E-01
-1.9572812604801512E-01
-1.8335989436005543E-01
-1.6329747648626755E-01
-1.3675245865600277E-01
-1.0534658374541293E-01
-7.1326570418834681E-02
-3.6352747428260182E-02
0.0000000000000000E+00
0.0000000000000000E+00
-7.7108490463001778E-02
-1.5095160302148972E-01
-2.2380259352210086E-01
-2.8974379202877404E-01
-3.4520451555817855E-01
-3.8646281821183448E-01
-4.1175753283982663E-01
-4.2029173256253205E-01
-4.1175753283982919E-01
-3.8646281821183986E-01
-3.4520451555818665E-01
-2.8974379202878303E-01
-2.2380259352210646E-01
-1.5095160302149013E-01
-7.7108490463003956E-02
0.0000000000000000E+00
0.0000000000000000E+00
-1.2561618091369847E-01
-2.5059778633034641E-01
-3.7070971666696206E-01
-4.7857473266485917E-01
-5.6595052945976243E-01
-6.3001388415708226E-01
-6.6886131663930992E-01
-6.8189533034983196E-01
-6.6886131663931558E-01
-6.3001388415709247E-01
-5.6595052945977353E-01
-4.7857473266487155E-01
-3.7070971666697217E-01
-2.5059778633035251E-01
-1.2561618091370103E-01
0.0000000000000000E+00
0.0000000000000000E+00
-1.9584722078721944E-01
-3.8345629753934474E-01
-5.6874137847197548E-01
-7.2408436737053850E-01
-8.4670973045724651E-01
-9.3471995073056624E-01
-9.8756224460354791E-01
-1.0052465796539978E+00
-9.8756224460355724E-01
-9.3471995073058078E-01
-8.4670973045726428E-01
-7.2408436737055892E-01
-5.6874137847199380E-01
-3.8345629753936067E-01
-1.9584722078722785E-01
0.0000000000000000E+00
0.0000000000000000E+00
-2.9737502810129912E-01
-6.0029281646905264E-01
-8.5048478045025588E-01
-1.0539233957440417E+00
-1.2104846224836765E+00
-1.3217196774914832E+00
-1.3882743836069982E+00
-1.4103984459047343E+00
-1.3882743836070115E+00
-1.3217196774915057E+00
-1.2104846224837091E+00
-1.0539233957440814E+00
-8.5048478045029352E-01
-6.0029281646908350E-01
-2.9737502810131633E-01
0.0000000000000000E+00
0.0000000000000000E+00
-5.5424524540121889E-01
-9.4624210746432413E-01
-1.2494928143354143E+00
-1.4920294321426895E+00
-1.6777095608207875E+00
-1.8104272487632911E+00
-1.8894496726581769E+00
-1.9161906542478981E+00
-1.8894496726581962E+00
-1.8104272487633302E+00
-1.6777095608208383E+00
-1.4920294321427516E+00
-1.2494928143354898E+00
-9.4624210746440329E-01
-5.5424524540127362E-01
0.0000000000000000E+00
0.0000000000000000E+00
5.4912626079117266E-01
9.4041315619906440E-01
1.2446006479702425E+00
1.4879110674474709E+00
1.6741383933793899E+00
1.8072173452130005E+00
1.8864112121911616E+00
1.9132315483785292E+00
1.8864112121911840E+00
1.8072173452130471E+00
1.6741383933794498E+00
1.4879110674475384E+00
1.2446006479703184E+00
9.4041315619913624E-01
5.4912626079122362E-01
0.0000000000000000E+00
0.0000000000000000E+00
2.9689184960006332E-01
5.9747962586766301E-01
8.4590475547693766E-01
1.0477923210365903E+00
1.2032671838838211E+00
1.3137620211631906E+00
1.3799047414115613E+00
1.4018929882716087E+00
1.3799047414115724E+00
1.3137620211632135E+00
1.2032671838838558E+00
1.0477923210366298E+00
8.4590475547697785E-01
5.9747962586769554E-01
2.9689184960008158E-01
0.0000000000000000E+00
0.0000000000000000E+00
1.9527237076560325E-01
3.8150216732037889E-01
5.6432809198173550E-01
7.1750183538632561E-01
8.3839836980142801E-01
9.2522542424106813E-01
9.7737864004750075E-01
9.9484119408063743E-01
9.7737864004750796E-01
9.2522542424107990E-01
8.3839836980144422E-01
7.1750183538634327E-01
5.6432809198175293E-01
3.8150216732039172E-01
1.9527237076561157E-01
0.0000000000000000E+00
0.0000000000000000E+00
1.2484621342904599E-01
2.4846291492725958E-01
3.6670972264125434E-01
4.7263674985260373E-01
5.5840041316230182E-01
6.2128879520237890E-01
6.5944339029350518E-01
6.7224578279384450E-01
6.5944339029350785E-01
6.2128879520238478E-01
5.5840041316230915E-01
4.7263674985261195E-01
3.6670972264126245E-01
2.4846291492726605E-01
1.2484621342904968E-01
0.0000000000000000E+00
0.0000000000000000E+00
7.6308915742453534E-02
1.4918208816336467E-01
2.2072784628727296E-01
2.8533977158074697E-01
3.3960871570254075E-01
3.7998099225802207E-01
4.0473816881426461E-01
4.1309253462524415E-01
4.0473816881426361E-01
3.7998099225802251E-01
3.3960871570254242E-01
2.8533977158074986E-01
2.2072784628727612E-01
1.4918208816336725E-01
7.6308915742456115E-02
0.0000000000000000E+00
0.0000000000000000E+00
3.5880844717622991E-02
7.0314481721947708E-02
1.0367728789621065E-01
1.3440150978376569E-01
1.6033728275312689E-01
1.7993301545785448E-01
1.9201620377370565E-01
1.9611119400368787E-01
1.9201620377370582E-01
1.7993301545785417E-01
1.6033728275312714E-01
1.3440150978376614E-01
1.0367728789621250E-01
7.0314481721951261E-02
3.5880844717624337E-02
0.0000000000000000E+00
0.0000000000000000E+00
-1.4088168666561349E-16
-5.0084401541970876E-17
5.6490566705567829E-17
-8.7116925184823600E-17
8.6171005110498503E-17
-1.0969156262986914E-16
-1.0365249708090402E-15
-1.1915114135671689E-15
-1.2228647736515025E-15
-6.0464850037241625E-16
7.0335923088578903E-17
-1.5005987443591943E-15
-2.2087957177706459E-15
-3.7481141560217403E-16
6.1438838612169996E-16
0.0000000000000000E+00
0.0000000000000000E+00
-3.5880844717622956E-02
-7.0314481721947680E-02
-1.0367728789621021E-01
-1.3440150978376494E-01
-1.6033728275312620E-01
-1.7993301545785453E-01
-1.9201620377370743E-01
-1.9611119400368959E-01
-1.9201620377370870E-01
-1.7993301545785778E-01
-1.6033728275312953E-01
-1.3440150978376858E-01
-1.0367728789621443E-01
-7.0314481721952413E-02
-3.5880844717624469E-02
0.0000000000000000E+00
0.0000000000000000E+00
-7.6308915742453437E-02
-1.4918208816336445E-01
-2.2072784628727274E-01
-2.8533977158074569E-01
-3.3960871570253898E-01
-3.7998099225802134E-01
-4.0473816881426333E-01
-4.1309253462524842E-01
-4.0473816881427072E-01
-3.7998099225802839E-01
-3.3960871570254719E-01
-2.8533977158075369E-01
-2.2072784628727843E-01
-1.4918208816336917E-01
-7.6308915742456310E-02
0.0000000000000000E+00
0.0000000000000000E+00
-1.2484621342904594E-01
-2.4846291492725925E-01
-3.6670972264125379E-01
-4.7263674985260218E-01
-5.5840041316230082E-01
-6.2128879520237901E-01
-6.5944339029350674E-01
-6.7224578279384795E-01
-6.5944339029351207E-01
-6.2128879520238878E-01
-5.5840041316231226E-01
-4.7263674985261500E-01
-3.6670972264126578E-01
-2.4846291492726641E-01
-1.2484621342904990E-01
0.0000000000000000E+00
0.0000000000000000E+00
-1.9527237076560303E-01
-3.8150216732037828E-01
-5.6432809198173450E-01
-7.1750183538632539E-01
-8.3839836980142701E-01
-9.2522542424106824E-01
-9.7737864004750341E-01
-9.9484119408064098E-01
-9.7737864004750918E-01
-9.2522542424108412E-01
-8.3839836980144666E-01
-7.1750183538634349E-01
-5.6432809198175415E-01
-3.8150216732039466E-01
-1.9527237076561202E-01
0.0000000000000000E+00
0.0000000000000000E+00
-2.9689184960006298E-01
-5.9747962586766157E-01
-8.4590475547693667E-01
-1.0477923210365874E+00
-1.2032671838838187E+00
-1.3137620211631889E+00
-1.3799047414115597E+00
-1.4018929882716071E+00
-1.3799047414115717E+00
-1.3137620211632111E+00
-1.2032671838838518E+00
-1.0477923210366269E+00
-8.4590475547697508E-01
-5.9747962586769410E-01
-2.9689184960008053E-01
0.0000000000000000E+00
0.0000000000000000E+00
-5.4912626079117111E-01
-9.4041315619906196E-01
-1.2446006479702394E+00
-1.4879110674474714E+00
-1.6741383933793887E+00
-1.8072173452129972E+00
-1.8864112121911569E+00
-1.9132315483785214E+00
-1.8864112121911754E+00
-1.8072173452130362E+00
-1.6741383933794420E+00
-1.4879110674475329E+00
-1.2446006479703153E+00
-9.4041315619913601E-01
-5.4912626079122395E-01
0.0000000000000000E+00
0.0000000000000000E+00
5.3767878030567950E-01
9.2739028584771988E-01
1.2306321149807926E+00
1.4734622462591953E+00
1.6590768210257076E+00
1.7917483321772849E+00
1.8706775322022997E+00
1.8974197157026897E+00
1.8706775322023228E+00
1.7917483321773304E+00
1.6590768210257698E+00
1.4734622462592650E+00
1.2306321149808657E+00
9.2739028584779115E-01
5.3767878030572935E-01
0.0000000000000000E+00
0.0000000000000000E+00
2.9318612994665350E-01
5.8831254141081346E-01
8.3214329750493499E-01
1.0306005232769528E+00
1.1837086621142385E+00
1.2926601879667210E+00
1.3579525798519245E+00
1.3796557797971978E+00
1.3579525798519383E+00
1.2926601879667474E+00
1.1837086621142723E+00
1.0306005232769906E+00
8.3214329750497351E-01
5.8831254141084488E-01
2.9318612994667120E-01
0.0000000000000000E+00
0.0000000000000000E+00
1.9170920964874269E-01
3.7383608253170902E-01
5.5179059883694104E-01
7.0097416791565692E-01
8.1896346013328114E-01
9.0387571645829812E-01
9.5493941141366656E-01
9.7205234628816872E-01
9.5493941141367433E-01
9.0387571645831155E-01
8.1896346013329879E-01
7.0097416791567868E-01
5.5179059883695991E-01
3.7383608253172379E-01
1.9170920964875074E-01
0.0000000000000000E+00
0.0000000000000000E+00
1.2165879182153305E-01
2.4169415019820095E-01
3.5630909065552135E-01
4.5889319875146806E-01
5.4211053773761819E-01
6.0324622911866610E-01
6.4038616477933052E-01
6.5286108358443218E-01
6.4038616477933430E-01
6.0324622911867110E-01
5.4211053773762596E-01
4.5889319875147705E-01
3.5630909065553018E-01
2.4169415019820770E-01
1.2165879182153637E-01
0.0000000000000000E+00
0.0000000000000000E+00
7.3828454660442175E-02
1.4421481895319271E-01
2.1328243626431004E-01
2.7562817530133615E-01
3.2808407468478978E-01
3.6717354049184486E-01
3.9117510846868442E-01
3.9928587525869369E-01
3.9117510846868425E-01
3.6717354049184558E-01
3.2808407468479212E-01
2.7562817530134065E-01
2.1328243626431387E-01
1.4421481895319505E-01
7.3828454660444034E-02
0.0000000000000000E+00
0.0000000000000000E+00
3.4557265124146558E-02
6.7682877990592874E-02
9.9801244468474617E-02
1.2937418332694514E-01
1.5438795217668369E-01
1.7331588001041615E-01
1.8500249961497514E-01
1.8896900621198934E-01
1.8500249961497367E-01
1.7331588001041379E-01
1.5438795217668380E-01
1.2937418332694778E-01
9.9801244468476671E-02
6.7682877990595108E-02
3.4557265124147502E-02
0.0000000000000000E+00
0.0000000000000000E+00
-2.1503793720876302E-16
-4.3533561791445366E-16
-4.4106322350332539E-16
-8.1974519831673781E-16
-2.7722093530929183E-16
-6.2542496054119665E-16
-1.8178805888875832E-15
-1.4435066471662496E-15
-9.8870552737472244E-16
-1.6973429154202652E-15
-2.9922056999404798E-15
-1.6645621181288083E-15
-1.7926369184652873E-15
-1.6940148160029420E-15
-1.8575777827802489E-15
0.0000000000000000E+00
0.0000000000000000E+00
-3.4557265124146905E-02
-6.7682877990593540E-02
-9.9801244468475450E-02
-1.2937418332694575E-01
-1.5438795217668416E-01
-1.7331588001041701E-01
-1.8500249961497722E-01
-1.8896900621199247E-01
-1.8500249961497961E-01
-1.7331588001042128E-01
-1.5438795217668852E-01
-1.2937418332695022E-01
-9.9801244468481404E-02
-6.7682877990598814E-02
-3.4557265124149257E-02
0.0000000000000000E+00
0.0000000000000000E+00
-7.3828454660442161E-02
-1.4421481895319316E-01
-2.1328243626430982E-01
-2.7562817530133582E-01
-3.2808407468478884E-01
-3.6717354049184575E-01
-3.9117510846868592E-01
-3.9928587525869663E-01
-3.9117510846869019E-01
-3.6717354049185186E-01
-3.2808407468479678E-01
-2.7562817530134470E-01
-2.1328243626431703E-01
-1.4421481895319679E-01
-7.3828454660445159E-02
0.0000000000000000E+00
0.0000000000000000E+00
-1.2165879182153301E-01
-2.4169415019820095E-01
-3.5630909065552102E-01
-4.5889319875146806E-01
-5.4211053773761830E-01
-6.0324622911866732E-01
-6.4038616477933286E-01
-6.5286108358443351E-01
-6.4038616477933730E-01
-6.0324622911867509E-01
-5.4211053773763085E-01
-4.5889319875148288E-01
-3.5630909065553312E-01
-2.4169415019820839E-01
-1.2165879182153633E-01
0.0000000000000000E+00
0.0000000000000000E+00
-1.9170920964874202E-01
-3.7383608253170847E-01
-5.5179059883694004E-01
-7.0097416791565592E-01
-8.1896346013328103E-01
-9.0387571645829889E-01
-9.5493941141366878E-01
-9.7205234628817294E-01
-9.5493941141367455E-01
-9.0387571645831322E-01
-8.1896346013329924E-01
-7.0097416791567746E-01
-5.5179059883696113E-01
-3.7383608253172640E-01
-1.9170920964875074E-01
0.0000000000000000E+00
0.0000000000000000E+00
-2.9318612994665322E-01
-5.8831254141081302E-01
-8.3214329750493266E-01
-1.0306005232769506E+00
-1.1837086621142363E+00
-1.2926601879667217E+00
-1.3579525798519241E+00
-1.3796557797971967E+00
-1.3579525798519361E+00
-1.2926601879667421E+00
-1.1837086621142690E+00
-1.0306005232769897E+00
-8.3214329750497229E-01
-5.8831254141084521E-01
-2.9318612994667081E-01
0.0000000000000000E+00
0.0000000000000000E+00
-5.3767878030567917E-01
-9.2739028584771677E-01
-1.2306321149807904E+00
-1.4734622462591944E+00
-1.6590768210257083E+00
-1.7917483321772831E+00
-1.8706775322022984E+00
-1.8974197157026926E+00
-1.8706775322023173E+00
-1.7917483321773229E+00
-1.6590768210257636E+00
-1.4734622462592617E+00
-1.2306321149808628E+00
-9.2739028584778871E-01
-5.3767878030572858E-01
0.0000000000000000E+00
0.0000000000000000E+00
5.1965503694880666E-01
9.0121651952543336E-01
1.2006250825764642E+00
1.4404007179508698E+00
1.6238853115562049E+00
1.7551774233659068E+00
1.8332484911217362E+00
1.8597580273136263E+00
1.8332484911217584E+00
1.7551774233659474E+00
1.6238853115562619E+00
1.4404007179509351E+00
1.2006250825765368E+00
9.0121651952550297E-01
5.1965503694885395E-01
0.0000000000000000E+00
0.0000000000000000E+00
2.8352662973921761E-01
5.6556898202694095E-01
8.0105303268236228E-01
9.9370146235678558E-01
1.1430333742386916E+00
1.2495518449874528E+00
1.3134777445193038E+00
1.3347488020584746E+00
1.3134777445193180E+00
1.2495518449874778E+00
1.1430333742387226E+00
9.9370146235682155E-01
8.0105303268239958E-01
5.6556898202697126E-01
2.8352662973923409E-01
0.0000000000000000E+00
0.0000000000000000E+00
1.8166284243197739E-01
3.5551537790728943E-01
5.2479935890056328E-01
6.6805286579465784E-01
7.8196649739977409E-01
8.6427561210355930E-01
9.1388240675454735E-01
9.3053299588484617E-01
9.1388240675455401E-01
8.6427561210357140E-01
7.8196649739978930E-01
6.6805286579467282E-01
5.2479935890057972E-01
3.5551537790730298E-01
1.8166284243198513E-01
0.0000000000000000E+00
0.0000000000000000E+00
1.1382683404206809E-01
2.2674657495268899E-01
3.3511334439260526E-01
4.3280078275176526E-01
5.1261889340744904E-01
5.7149166984742528E-01
6.0738377963274193E-01
6.1944512430176157E-01
6.0738377963274404E-01
5.7149166984743016E-01
5.1261889340745492E-01
4.3280078275177347E-01
3.3511334439261264E-01
2.2674657495269335E-01
1.1382683404207078E-01
0.0000000000000000E+00
0.0000000000000000E+00
6.8325002287668204E-02
1.3399821116414434E-01
1.9872187714496495E-01
2.5779292736054804E-01
3.0778601844119724E-01
3.4525190221947305E-01
3.6834275605321648E-01
3.7615066465493052E-01
3.6834275605321570E-01
3.4525190221947138E-01
3.0778601844119857E-01
2.5779292736055115E-01
1.9872187714496758E-01
1.3399821116414587E-01
6.8325002287668801E-02
0.0000000000000000E+00
0.0000000000000000E+00
3.1793161724784448E-02
6.2475879625137426E-02
9.2426795606280920E-02
1.2030336533010741E-01
1.4406629315799399E-01
1.6214779804020002E-01
1.7336418284223706E-01
1.7717070513565267E-01
1.7336418284223457E-01
1.6214779804019447E-01
1.4406629315799285E-01
1.2030336533011138E-01
9.2426795606282725E-02
6.2475879625136801E-02
3.1793161724783664E-02
0.0000000000000000E+00
0.0000000000000000E+00
-3.4164687624830554E-16
-6.2016786280150320E-16
-8.7441043272739464E-16
-7.6042969250684176E-16
-1.3552264352456850E-15
-1.1997502037076326E-15
-1.9394231071464113E-15
-2.9182061665033536E-15
-5.4800670813345788E-15
-6.8652942823696261E-15
-5.0060972108193586E-15
-5.5911296015972752E-15
-2.9218813893587951E-15
-6.4592540843174415E-15
-3.2722747977320270E-15
0.0000000000000000E+00
0.0000000000000000E+00
-3.1793161724784663E-02
-6.2475879625138390E-02
-9.2426795606282128E-02
-1.2030336533010927E-01
-1.4406629315799521E-01
-1.6214779804020182E-01
-1.7336418284224051E-01
-1.7717070513565789E-01
-1.7336418284224295E-01
-1.6214779804020596E-01
-1.4406629315800071E-01
-1.2030336533011703E-01
-9.2426795606288706E-02
-6.2475879625142137E-02
-3.1793161724787411E-02
0.0000000000000000E+00
0.0000000000000000E+00
-6.8325002287668302E-02
-1.3399821116414445E-01
-1.9872187714496570E-01
-2.5779292736054865E-01
-3.0778601844119852E-01
-3.4525190221947444E-01
-3.6834275605322003E-01
-3.7615066465493613E-01
-3.6834275605322442E-01
-3.4525190221948204E-01
-3.0778601844120695E-01
-2.5779292736055742E-01
-1.9872187714497358E-01
-1.3399821116415181E-01
-6.8325002287670675E-02
0.0000000000000000E+00
0.0000000000000000E+00
-1.1382683404206791E-01
-2.2674657495268893E-01
-3.3511334439260493E-01
-4.3280078275176453E-01
-5.1261889340744915E-01
-5.7149166984742739E-01
-6.0738377963274481E-01
-6.1944512430176690E-01
-6.0738377963274881E-01
-5.7149166984743427E-01
-5.1261889340746047E-01
-4.3280078275177836E-01
-3.3511334439261575E-01
-2.2674657495269451E-01
-1.1382683404207131E-01
0.0000000000000000E+00
0.0000000000000000E+00
-1.8166284243197714E-01
-3.5551537790728838E-01
-5.2479935890056306E-01
-6.6805286579465706E-01
-7.8196649739977342E-01
-8.6427561210355952E-01
-9.1388240675455013E-01
-9.3053299588484639E-01
-9.1388240675455457E-01
-8.6427561210357040E-01
-7.8196649739979085E-01
-6.6805286579467871E-01
-5.2479935890058349E-01
-3.5551537790730209E-01
-1.8166284243198461E-01
0.0000000000000000E+00
0.0000000000000000E+00
-2.8352662973921683E-01
-5.6556898202693962E-01
-8.0105303268236006E-01
-9.9370146235678347E-01
-1.1430333742386902E+00
-1.2495518449874514E+00
-1.3134777445193040E+00
-1.3347488020584752E+00
-1.3134777445193153E+00
-1.2495518449874745E+00
-1.1430333742387220E+00
-9.9370146235682144E-01
-8.0105303268239814E-01
-5.6556898202697181E-01
-2.8352662973923337E-01
0.0000000000000000E+00
0.0000000000000000E+00
-5.1965503694880633E-01
-9.0121651952543247E-01
-1.2006250825764631E+00
-1.4404007179508675E+00
-1.6238853115562051E+00
-1.7551774233659077E+00
-1.8332484911217366E+00
-1.8597580273136234E+00
-1.8332484911217557E+00
-1.7551774233659461E+00
-1.6238853115562601E+00
-1.4404007179509344E+00
-1.2006250825765310E+00
-9.0121651952549653E-01
-5.1965503694885262E-01
0.0000000000000000E+00
0.0000000000000000E+00
4.7526976584072045E-01
8.4727083296627825E-01
1.1360991875631672E+00
1.3693271249756176E+00
1.5482219848480783E+00
1.6762702812380641E+00
1.7525601556498338E+00
1.7783996442678767E+00
1.7525601556498527E+00
1.6762702812381025E+00
1.5482219848481298E+00
1.3693271249756800E+00
1.1360991875632307E+00
8.4727083296634154E-01
4.7526976584076369E-01
0.0000000000000000E+00
0.0000000000000000E+00
2.5342264240384105E-01
5.1447094510294922E-01
7.3941803977697329E-01
9.2463696348395863E-01
1.0690634815923401E+00
1.1721999331037050E+00
1.2342738947948084E+00
1.2548619261282177E+00
1.2342738947948186E+00
1.1721999331037256E+00
1.0690634815923672E+00
9.2463696348398727E-01
7.3941803977700271E-01
5.1447094510297342E-01
2.5342264240385437E-01
0.0000000000000000E+00
0.0000000000000000E+00
1.5860151136011533E-01
3.1634433998586442E-01
4.7437293791877055E-01
6.1080288182267861E-01
7.2016624628254289E-01
7.9954755904485386E-01
8.4755371802855228E-01
8.6364176833713369E-01
8.4755371802855806E-01
7.9954755904486330E-01
7.2016624628255421E-01
6.1080288182269193E-01
4.7437293791878327E-01
3.1634433998587352E-01
1.5860151136012177E-01
0.0000000000000000E+00
0.0000000000000000E+00
9.8236264969861750E-02
1.9766070836917188E-01
2.9725430821604704E-01
3.8880759214578581E-01
4.6483074826167953E-01
5.2127458796844106E-01
5.5587181360454208E-01
5.6748892762019021E-01
5.5587181360454263E-01
5.2127458796844128E-01
4.6483074826168314E-01
3.8880759214579141E-01
2.9725430821605120E-01
1.9766070836917518E-01
9.8236264969863457E-02
0.0000000000000000E+00
0.0000000000000000E+00
5.8498742830646711E-02
1.1539589113260318E-01
1.7369788126420657E-01
2.2831887316639274E-01
2.7549050059248875E-01
3.1121193547325099E-01
3.3337694515502964E-01
3.4087893234731237E-01
3.3337694515502636E-01
3.1121193547324694E-01
2.7549050059248831E-01
2.2831887316639421E-01
1.7369788126420857E-01
1.1539589113260379E-01
5.8498742830647529E-02
0.0000000000000000E+00
0.0000000000000000E+00
2.7082295393495794E-02
5.3330015258560647E-02
8.0040282117144215E-02
1.0553197279046073E-01
1.2781270166128900E-01
1.4496172790837514E-01
1.5569266898955333E-01
1.5933923458765134E-01
1.5569266898954995E-01
1.4496172790836956E-01
1.2781270166128525E-01
1.0553197279046003E-01
8.0040282117144729E-02
5.3330015258560591E-02
2.7082295393495114E-02
0.0000000000000000E+00
0.0000000000000000E+00
-2.7199353249079263E-16
-6.7230233038361120E-16
-7.3168313886476074E-16
-1.0328565516504335E-15
-1.0885651361973796E-15
-9.1574101311257197E-16
-1.6484868446218815E-15
-3.8030415593396959E-15
-6.9517157561549311E-15
-7.4688153263976767E-15
-6.6952279730430200E-15
-3.1254606478701694E-15
-1.8130152734958163E-15
-1.4346732253431686E-15
-3.1049483275795188E-15
0.0000000000000000E+00
0.0000000000000000E+00
-2.7082295393496467E-02
-5.3330015258562104E-02
-8.0040282117145686E-02
-1.0553197279046241E-01
-1.2781270166129105E-01
-1.4496172790837808E-01
-1.5569266898955850E-01
-1.5933923458765997E-01
-1.5569266898956186E-01
-1.4496172790838324E-01
-1.2781270166129605E-01
-1.0553197279046696E-01
-8.0040282117152223E-02
-5.3330015258567634E-02
-2.7082295393498507E-02
0.0000000000000000E+00
0.0000000000000000E+00
-5.8498742830646752E-02
-1.1539589113260391E-01
-1.7369788126420729E-01
-2.2831887316639324E-01
-2.7549050059248964E-01
-3.1121193547325382E-01
-3.3337694515503308E-01
-3.4087893234732058E-01
-3.3337694515503608E-01
-3.1121193547325932E-01
-2.7549050059249719E-01
-2.2831887316640426E-01
-1.7369788126421565E-01
-1.1539589113260738E-01
-5.8498742830647849E-02
0.0000000000000000E+00
0.0000000000000000E+00
-9.8236264969862000E-02
-1.9766070836917218E-01
-2.9725430821604759E-01
-3.8880759214578653E-01
-4.6483074826168075E-01
-5.2127458796844339E-01
-5.5587181360454652E-01
-5.6748892762019587E-01
-5.5587181360454951E-01
-5.2127458796845016E-01
-4.6483074826169124E-01
-3.8880759214579835E-01
-2.9725430821605531E-01
-1.9766070836917546E-01
-9.8236264969864220E-02
0.0000000000000000E+00
0.0000000000000000E+00
-1.5860151136011535E-01
-3.1634433998586436E-01
-4.7437293791877022E-01
-6.1080288182267850E-01
-7.2016624628254300E-01
-7.9954755904485497E-01
-8.4755371802855450E-01
-8.6364176833713890E-01
-8.4755371802855906E-01
-7.9954755904486641E-01
-7.2016624628255943E-01
-6.1080288182269860E-01
-4.7437293791878826E-01
-3.1634433998587724E-01
-1.5860151136012118E-01
0.0000000000000000E+00
0.0000000000000000E+00
-2.5342264240384049E-01
-5.1447094510294822E-01
-7.3941803977697151E-01
-9.2463696348395652E-01
-1.0690634815923399E+00
-1.1721999331037061E+00
-1.2342738947948095E+00
-1.2548619261282186E+00
-1.2342738947948191E+00
-1.1721999331037256E+00
-1.0690634815923690E+00
-9.2463696348399194E-01
-7.3941803977700504E-01
-5.1447094510297287E-01
-2.5342264240385370E-01
0.0000000000000000E+00
0.0000000000000000E+00
-4.7526976584072017E-01
-8.4727083296627848E-01
-1.1360991875631656E+00
-1.3693271249756183E+00
-1.5482219848480807E+00
-1.6762702812380663E+00
-1.7525601556498336E+00
-1.7783996442678767E+00
-1.7525601556498525E+00
-1.6762702812381034E+00
-1.5482219848481324E+00
-1.3693271249756780E+00
-1.1360991875632283E+00
-8.4727083296633809E-01
-4.7526976584076097E-01
0.0000000000000000E+00
