0.0000000000000000E+00
2.0070338414521313E-01
3.4597784172193857E-01
4.7154027639832519E-01
5.8521789141349279E-01
6.9053326201371712E-01
7.8899938609352471E-01
8.8161842321452277E-01
9.6897621143435642E-01
1.0515487900986811E+00
1.1296543193590189E+00
1.2035516029948863E+00
1.2734357548233599E+00
1.3394549344671547E+00
1.4017372813762661E+00
1.4603683306921791E+00
1.5154366122507956E+00
1.5669896012400795E+00
1.6150912806683757E+00
1.6597649088227693E+00
1.7010588805859086E+00
1.7389806265569949E+00
1.7735685483288059E+00
1.8048195970259340E+00
1.8327657702375906E+00
1.8573970600809697E+00
1.8787413797052592E+00
1.8967841155739875E+00
1.9115505713260130E+00
1.9230230962828343E+00
1.9312252692920608E+00
1.9361374149799062E+00
1.9377818330233989E+00
1.9361374149798856E+00
1.9312252692920255E+00
1.9230230962827832E+00
1.9115505713259464E+00
1.8967841155739069E+00
1.8787413797051635E+00
1.8573970600808627E+00
1.8327657702374676E+00
1.8048195970257956E+00
1.7735685483286538E+00
1.7389806265568324E+00
1.7010588805857396E+00
1.6597649088225976E+00
1.6150912806682030E+00
1.5669896012399094E+00
1.5154366122506273E+00
1.4603683306920139E+00
1.4017372813761024E+00
1.3394549344669946E+00
1.2734357548232040E+00
1.2035516029947324E+00
1.1296543193588704E+00
1.0515487900985407E+00
9.6897621143422419E-01
8.8161842321439943E-01
7.8899938609341103E-01
6.9053326201361387E-01
5.8521789141339897E-01
4.7154027639824764E-01
3.4597784172187868E-01
2.0070338414517561E-01
0.0000000000000000E+00
0.0000000000000000E+00
1.3005841631889850E-01
2.6272509557752677E-01
3.8243202287747080E-01
4.9286811096080885E-01
5.9522258007655793E-01
6.9089909350678402E-01
7.8075189995616157E-01
8.6542685729444391E-01
9.4537610667096128E-01
1.0209409924397874E+00
1.0923800514176889E+00
1.1598924276920133E+00
1.2236361433373226E+00
1.2837339805087755E+00
1.3402866649225413E+00
1.3933720597104051E+00
1.4430560108860557E+00
1.4893884074102850E+00
1.5324129452857163E+00
1.5721614726440880E+00
1.6086632579121201E+00
1.6419382788668515E+00
1.6720062763344719E+00
1.6988793366893646E+00
1.7225708657202516E+00
1.7430876739429535E+00
1.7604389294614089E+00
1.7746278854571165E+00
1.7856608291192084E+00
1.7935385519631883E+00
1.7982652871468197E+00
1.7998399994753855E+00
1.7982652871468061E+00
1.7935385519631595E+00
1.7856608291191662E+00
1.7746278854570605E+00
1.7604389294613390E+00
1.7430876739428709E+00
1.7225708657201562E+00
1.6988793366892578E+00
1.6720062763343546E+00
1.6419382788667227E+00
1.6086632579119831E+00
1.5721614726439428E+00
1.5324129452855682E+00
1.4893884074101340E+00
1.4430560108859043E+00
1.3933720597102552E+00
1.3402866649223943E+00
1.2837339805086314E+00
1.2236361433371814E+00
1.1598924276918761E+00
1.0923800514175548E+00
1.0209409924396580E+00
9.4537610667083971E-01
8.6542685729433044E-01
7.8075189995605576E-01
6.9089909350668588E-01
5.9522258007647211E-01
4.9286811096073629E-01
3.8243202287741163E-01
2.6272509557748508E-01
1.3005841631887705E-01
0.0000000000000000E+00
0.0000000000000000E+00
1.0497972995255705E-01
2.1047343153520034E-01
3.1779828190805282E-01
4.1951004885028331E-01
5.1565265865017984E-01
6.0630243649579818E-01
6.9189650379600887E-01
7.7279705773747287E-01
8.4932875785193918E-01
9.2174576519062257E-01
9.9025930533281659E-01
1.0550358815485787E+00
1.1162122630682716E+00
1.1738984640473993E+00
1.2281838096298412E+00
1.2791420872804737E+00
1.3268318922077893E+00
1.3713033382594002E+00
1.4125947149764559E+00
1.4507403965930297E+00
1.4857650459599312E+00
1.5176924473655238E+00
1.5465380259132671E+00
1.5723183857834444E+00
1.5950426468697267E+00
1.6147225100034368E+00
1.6313627567437081E+00
1.6449716914683921E+00
1.6555510556305595E+00
1.6631067158964423E+00
1.6676381848834296E+00
1.6691494359597987E+00
1.6676381848834192E+00
1.6631067158964210E+00
1.6555510556305251E+00
1.6449716914683445E+00
1.6313627567436484E+00
1.6147225100033640E+00
1.5950426468696435E+00
1.5723183857833505E+00
1.5465380259131640E+00
1.5176924473654125E+00
1.4857650459598133E+00
1.4507403965929055E+00
1.4125947149763269E+00
1.3713033382592668E+00
1.3268318922076550E+00
1.2791420872803407E+00
1.2281838096297104E+00
1.1738984640472705E+00
1.1162122630681452E+00
1.0550358815484560E+00
9.9025930533269946E-01
9.2174576519050933E-01
8.4932875785183348E-01
7.7279705773737473E-01
6.9189650379591905E-01
6.0630243649571725E-01
5.1565265865011023E-01
4.1951004885022469E-01
3.1779828190800763E-01
2.1047343153516845E-01
1.0497972995254164E-01
0.0000000000000000E+00
0.0000000000000000E+00
8.8284824150198282E-02
1.7937896453229665E-01
2.7145544016275736E-01
3.6241146172398303E-01
4.5015988006957580E-01
5.3422653259591479E-01
6.1434354342232633E-01
6.9056440776866068E-01
7.6297282460125637E-01
8.3169714429757680E-01
8.9685333800834799E-01
9.5855151883129652E-01
1.0168859680478550E+00
1.0719382511136573E+00
1.1237774970592147E+00
1.1724615658864845E+00
1.2180394791082074E+00
1.2605515543787704E+00
1.3000320381768291E+00
1.3365087011535923E+00
1.3700052268872240E+00
1.4005405162540963E+00
1.4281307783426205E+00
1.4527886670449337E+00
1.4745251167335633E+00
1.4933483725872074E+00
1.5092656278129550E+00
1.5222819784334103E+00
1.5324019111848253E+00
1.5396281972157762E+00
1.5439632680003383E+00
1.5454080526135732E+00
1.5439632680003299E+00
1.5396281972157579E+00
1.5324019111847971E+00
1.5222819784333717E+00
1.5092656278129062E+00
1.4933483725871486E+00
1.4745251167334923E+00
1.4527886670448538E+00
1.4281307783425321E+00
1.4005405162540003E+00
1.3700052268871223E+00
1.3365087011534853E+00
1.3000320381767183E+00
1.2605515543786558E+00
1.2180394791080911E+00
1.1724615658863673E+00
1.1237774970590975E+00
1.0719382511135427E+00
1.0168859680477444E+00
9.5855151883119083E-01
8.9685333800824663E-01
8.3169714429748165E-01
7.6297282460116633E-01
6.9056440776857686E-01
6.1434354342225173E-01
5.3422653259584818E-01
4.5015988006951757E-01
3.6241146172393535E-01
2.7145544016272144E-01
1.7937896453227284E-01
8.8284824150186084E-02
0.0000000000000000E+00
0.0000000000000000E+00
7.7323241555208394E-02
1.5616160789329683E-01
2.3669326228446774E-01
3.1705281402305502E-01
3.9616422227957576E-01
4.7295950215248572E-01
5.4694448080879143E-01
6.1787779950739630E-01
6.8565249681239271E-01
7.5025588007390165E-01
8.1170236632074722E-01
8.7003172957698838E-01
9.2528503759839420E-01
9.7750686331156222E-01
1.0267372098557226E+00
1.0730136077336554E+00
1.1163683674499298E+00
1.1568303252659167E+00
1.1944237490308325E+00
1.2291698807770119E+00
1.2610862443079200E+00
1.2901880989504466E+00
1.3164877336744523E+00
1.3399958909852037E+00
1.3607209271951897E+00
1.3786702303955534E+00
1.3938492306155943E+00
1.4062628166396194E+00
1.4159142143950447E+00
1.4228063970735856E+00
1.4269408589938037E+00
1.4283190074557013E+00
1.4269408589937971E+00
1.4228063970735716E+00
1.4159142143950216E+00
1.4062628166395876E+00
1.3938492306155528E+00
1.3786702303955014E+00
1.3607209271951297E+00
1.3399958909851359E+00
1.3164877336743772E+00
1.2901880989503642E+00
1.2610862443078312E+00
1.2291698807769194E+00
1.1944237490307361E+00
1.1568303252658161E+00
1.1163683674498277E+00
1.0730136077335513E+00
1.0267372098556200E+00
9.7750686331146175E-01
9.2528503759829706E-01
8.7003172957689479E-01
8.1170236632066095E-01
7.5025588007382094E-01
6.8565249681231677E-01
6.1787779950732558E-01
5.4694448080872893E-01
4.7295950215243171E-01
3.9616422227952985E-01
3.1705281402301644E-01
2.3669326228443971E-01
1.5616160789327754E-01
7.7323241555200012E-02
0.0000000000000000E+00
0.0000000000000000E+00
6.8524395577692368E-02
1.3821775463054534E-01
2.0908025070267772E-01
2.8038086224525660E-01
3.5118448015051928E-01
4.2071067329875833E-01
4.8833209977661773E-01
5.5368883609425312E-01
6.1653124531104142E-01
6.7673624779948183E-01
7.3422562611875675E-01
7.8897085759819119E-01
8.4095827555801572E-01
8.9019218643427778E-01
9.3668043445681914E-01
9.8043649839438007E-01
1.0214735130021118E+00
1.0598056009765009E+00
1.0954454337225568E+00
1.1284050481607122E+00
1.1586949155721353E+00
1.1863244288602359E+00
1.2113016195179918E+00
1.2336334350968412E+00
1.2533257309627726E+00
1.2703834113667629E+00
1.2848105307768285E+00
1.2966103431510219E+00
1.3057854386949328E+00
1.3123377288144786E+00
1.3162685842794948E+00
1.3175787732984587E+00
1.3162685842794888E+00
1.3123377288144655E+00
1.3057854386949126E+00
1.2966103431509943E+00
1.2848105307767941E+00
1.2703834113667212E+00
1.2533257309627237E+00
1.2336334350967852E+00
1.2113016195179278E+00
1.1863244288601638E+00
1.1586949155720572E+00
1.1284050481606300E+00
1.0954454337224715E+00
1.0598056009764123E+00
1.0214735130020209E+00
9.8043649839428904E-01
9.3668043445672899E-01
8.9019218643418985E-01
8.4095827555793068E-01
7.8897085759811070E-01
7.3422562611868192E-01
6.7673624779941322E-01
6.1653124531097769E-01
5.5368883609419417E-01
4.8833209977656544E-01
4.2071067329871303E-01
3.5118448015048187E-01
2.8038086224522696E-01
2.0908025070265476E-01
1.3821775463052996E-01
6.8524395577684208E-02
0.0000000000000000E+00
0.0000000000000000E+00
6.1377070369060989E-02
1.2340564440194637E-01
1.8632404799511651E-01
2.4970301739148698E-01
3.1303838530947198E-01
3.7567664788347799E-01
4.3708827968334291E-01
4.9686041866986486E-01
5.5468801682984425E-01
6.1037394991233318E-01
6.6377488222456538E-01
7.1480600579197440E-01
7.6340620823142102E-01
8.0954228922105775E-01
8.5319080595904362E-01
8.9434108373592325E-01
9.3298607647552112E-01
9.6912443098434276E-01
1.0027558059559036E+00
1.0338823013920038E+00
1.0625059619077351E+00
1.0886297964581386E+00
1.1122563666911254E+00
1.1333885429087940E+00
1.1520286420025845E+00
1.1681790118742130E+00
1.1818414522576577E+00
1.1930176865797890E+00
1.2017089285772899E+00
1.2079162808739046E+00
1.2116403735950345E+00
1.2128817178731759E+00
1.2116403735950279E+00
1.2079162808738928E+00
1.2017089285772735E+00
1.1930176865797664E+00
1.1818414522576306E+00
1.1681790118741797E+00
1.1520286420025447E+00
1.1333885429087478E+00
1.1122563666910714E+00
1.0886297964580753E+00
1.0625059619076658E+00
1.0338823013919303E+00
1.0027558059558277E+00
9.6912443098426382E-01
9.3298607647544174E-01
8.9434108373584309E-01
8.5319080595896468E-01
8.0954228922097971E-01
7.6340620823134742E-01
7.1480600579190423E-01
6.6377488222450010E-01
6.1037394991227301E-01
5.5468801682978952E-01
4.9686041866981606E-01
4.3708827968329972E-01
3.7567664788344118E-01
3.1303838530944222E-01
2.4970301739146317E-01
1.8632404799509872E-01
1.2340564440193413E-01
6.1377070369055382E-02
0.0000000000000000E+00
0.0000000000000000E+00
5.5191999828110780E-02
1.1075691192041132E-01
1.6690868839155287E-01
2.2347966503210351E-01
2.8014736964489451E-01
3.3646330258696749E-01
3.9198917095894287E-01
4.4634927504310234E-01
4.9922947529113393E-01
5.5040069742589603E-01
5.9968128801748810E-01
6.4694688992335503E-01
6.9210027688268672E-01
7.3507678055781922E-01
7.7582580808197943E-01
8.1431433063796110E-01
8.5051633637809643E-01
8.8441518640578809E-01
9.1599764932315120E-01
9.4525551842716438E-01
9.7218218350497476E-01
9.9677375305866900E-01
1.0190270310872915E+00
1.0389403053651969E+00
1.0565121148999419E+00
1.0717418129203247E+00
1.0846287881702141E+00
1.0951728780367322E+00
1.1033738534891047E+00
1.1092317374422065E+00
1.1127464407599195E+00
1.1139180295648070E+00
1.1127464407599124E+00
1.1092317374421956E+00
1.1033738534890902E+00
1.0951728780367147E+00
1.0846287881701917E+00
1.0717418129202976E+00
1.0565121148999097E+00
1.0389403053651585E+00
1.0190270310872458E+00
9.9677375305861660E-01
9.7218218350491625E-01
9.4525551842710187E-01
9.1599764932308603E-01
8.8441518640572059E-01
8.5051633637802870E-01
8.1431433063789371E-01
7.7582580808191104E-01
7.3507678055775150E-01
6.9210027688262199E-01
6.4694688992329463E-01
5.9968128801743203E-01
5.5040069742584485E-01
4.9922947529108774E-01
4.4634927504306088E-01
3.9198917095890662E-01
3.3646330258693669E-01
2.8014736964486903E-01
2.2347966503208314E-01
1.6690868839153755E-01
1.1075691192040157E-01
5.5191999828105361E-02
0.0000000000000000E+00
0.0000000000000000E+00
4.9785763174582220E-02
9.9708679413060164E-02
1.4999672793072383E-01
2.0059222978880714E-01
2.5132917027600554E-01
3.0189049912612159E-01
3.5194930839800809E-01
4.0117925715150526E-01
4.4929285670375174E-01
4.9605518673078181E-01
5.4127044938451974E-01
5.8479129576683064E-01
6.2649701393081569E-01
6.6629974601520980E-01
7.0412763022604796E-01
7.3992902721710718E-01
7.7366147429010501E-01
8.0529460614954951E-01
8.3480324464197497E-01
8.6216944388541050E-01
8.8737818061467211E-01
9.1041880527085661E-01
9.3128231260455918E-01
9.4996238791103726E-01
9.6645363619060021E-01
9.8075235371738245E-01
9.9285534393073360E-01
1.0027605071937360E+00
1.0104660179274174E+00
1.0159708026559944E+00
1.0192739365364529E+00
1.0203750673142991E+00
1.0192739365364485E+00
1.0159708026559855E+00
1.0104660179274050E+00
1.0027605071937180E+00
9.9285534393071251E-01
9.8075235371735714E-01
9.6645363619057234E-01
9.4996238791100385E-01
9.3128231260451955E-01
9.1041880527081231E-01
8.8737818061462259E-01
8.6216944388535643E-01
8.3480324464191813E-01
8.0529460614949022E-01
7.7366147429004473E-01
7.3992902721704612E-01
7.0412763022598868E-01
6.6629974601515018E-01
6.2649701393075874E-01
5.8479129576677713E-01
5.4127044938447066E-01
4.9605518673073634E-01
4.4929285670371161E-01
4.0117925715146907E-01
3.5194930839797828E-01
3.0189049912609622E-01
2.5132917027598362E-01
2.0059222978878882E-01
1.4999672793071023E-01
9.9708679413050519E-02
4.9785763174577634E-02
0.0000000000000000E+00
0.0000000000000000E+00
4.4930562751716099E-02
8.9850968748470497E-02
1.3496567030290901E-01
1.8028622107056647E-01
2.2572946561515819E-01
2.7108474014907069E-01
3.1611026749511451E-01
3.6054121946675388E-01
4.0412801466122944E-01
4.4664998799628963E-01
4.8791392375286835E-01
5.2776386328023950E-01
5.6606719703602759E-01
6.0272115950517535E-01
6.3763919784914858E-01
6.7075541760051383E-01
7.0201434599281076E-01
7.3137406617894074E-01
7.5879917140022257E-01
7.8426301118943131E-01
8.0774297153438179E-01
8.2922210208545388E-01
8.4868595971778793E-01
8.6612380109687215E-01
8.8152644990004680E-01
8.9488718733654271E-01
9.0620028534237917E-01
9.1546169470999450E-01
9.2266800945895566E-01
9.2781703180145647E-01
9.3090701015977295E-01
9.3193714907757774E-01
9.3090701015976962E-01
9.2781703180144903E-01
9.2266800945894367E-01
9.1546169470997796E-01
9.0620028534235963E-01
8.9488718733652051E-01
8.8152644990002049E-01
8.6612380109684173E-01
8.4868595971775296E-01
8.2922210208541480E-01
8.0774297153433960E-01
7.8426301118938491E-01
7.5879917140017261E-01
7.3137406617888878E-01
7.0201434599275714E-01
6.7075541760045976E-01
6.3763919784909540E-01
6.0272115950512395E-01
5.6606719703597785E-01
5.2776386328019231E-01
4.8791392375282394E-01
4.4664998799625089E-01
4.0412801466119525E-01
3.6054121946672407E-01
3.1611026749508891E-01
2.7108474014904760E-01
2.2572946561513707E-01
1.8028622107054781E-01
1.3496567030289428E-01
8.9850968748460089E-02
4.4930562751710632E-02
0.0000000000000000E+00
0.0000000000000000E+00
4.0540638756263903E-02
8.0958908658880863E-02
1.2144389771545516E-01
1.6204066619583132E-01
2.0272268828485421E-01
2.4335199141216785E-01
2.8375729186710591E-01
3.2372808162454031E-01
3.6305694084299978E-01
4.0154562518526155E-01
4.3901413143595341E-01
4.7530803125144888E-01
5.1029201816990855E-01
5.4385590969857178E-01
5.7590460702121660E-01
6.0636264001860574E-01
6.3516521085474331E-01
6.6226157085611215E-01
6.8760818230110876E-01
7.1117121566172037E-01
7.3292162519445780E-01
7.5283699760115053E-01
7.7089807747671946E-01
7.8709014534489885E-01
8.0140057228751382E-01
8.1381986455766264E-01
8.2433992850944493E-01
8.3295488997386524E-01
8.3965984019609607E-01
8.4445151910429128E-01
8.4732737761801880E-01
8.4828620338119998E-01
8.4732737761801635E-01
8.4445151910428451E-01
8.3965984019608575E-01
8.3295488997385125E-01
8.2433992850942706E-01
8.1381986455764177E-01
8.0140057228748862E-01
7.8709014534487032E-01
7.7089807747668881E-01
7.5283699760111655E-01
7.3292162519442117E-01
7.1117121566168040E-01
6.8760818230106524E-01
6.6226157085606596E-01
6.3516521085469724E-01
6.0636264001855877E-01
5.7590460702117008E-01
5.4385590969852571E-01
5.1029201816986391E-01
4.7530803125140519E-01
4.3901413143591278E-01
4.0154562518522546E-01
3.6305694084296941E-01
3.2372808162451328E-01
2.8375729186708210E-01
2.4335199141214639E-01
2.0272268828483417E-01
1.6204066619581370E-01
1.2144389771544031E-01
8.0958908658869747E-02
4.0540638756258532E-02
0.0000000000000000E+00
0.0000000000000000E+00
3.6510287270785827E-02
7.2828537768004215E-02
1.0912180924074777E-01
1.4545257961186919E-01
1.8182628212648910E-01
2.1815651838478620E-01
2.5432337598106503E-01
2.9016388144117516E-01
3.2550943125084458E-01
3.6018845159696183E-01
3.9403948439943071E-01
4.2691682852772839E-01
4.5868925392797477E-01
4.8924531892203926E-01
5.1848677527653386E-01
5.4633287914316919E-01
5.7271317372572772E-01
5.9757083276754541E-01
6.2085650863250541E-01
6.4253088417949433E-01
6.6255990258054187E-01
6.8091670414504923E-01
6.9757807555558116E-01
7.1252592341750842E-01
7.2574467375675455E-01
7.3722240866997113E-01
7.4694896550962309E-01
7.5491684255610225E-01
7.6111979500330840E-01
7.6555360123992156E-01
7.6821499759974665E-01
7.6910238882629456E-01
7.6821499759974476E-01
7.6555360123991634E-01
7.6111979500329885E-01
7.5491684255608804E-01
7.4694896550960499E-01
7.3722240866994959E-01
7.2574467375673135E-01
7.1252592341748311E-01
6.9757807555555340E-01
6.8091670414501970E-01
6.6255990258051012E-01
6.4253088417945992E-01
6.2085650863246733E-01
5.9757083276750489E-01
5.7271317372568653E-01
5.4633287914312789E-01
5.1848677527649256E-01
4.8924531892199896E-01
4.5868925392793453E-01
4.2691682852768886E-01
3.9403948439939251E-01
3.6018845159692653E-01
3.2550943125081377E-01
2.9016388144114919E-01
2.5432337598104188E-01
2.1815651838476494E-01
1.8182628212647015E-01
1.4545257961185187E-01
1.0912180924073399E-01
7.2828537767994750E-02
3.6510287270781400E-02
0.0000000000000000E+00
0.0000000000000000E+00
3.2791129923964296E-02
6.5341766466268186E-02
9.7801789957679977E-02
1.3024051966226471E-01
1.6268288202607856E-01
1.9507804683397204E-01
2.2734481586173019E-01
2.5935866070176511E-01
2.9098538118979528E-01
3.2207958000165426E-01
3.5250043469813813E-01
3.8211476380829312E-01
4.1079981925233994E-01
4.3844740488145001E-01
4.6496035067337144E-01
4.9025636938616651E-01
5.1426259320354917E-01
5.3691880607188958E-01
5.5817211170279346E-01
5.7797951806530856E-01
5.9630345585573286E-01
6.1311380017982031E-01
6.2838434627078987E-01
6.4209438039993483E-01
6.5422599459149566E-01
6.6476531786220916E-01
6.7370049519658493E-01
6.8102268135739064E-01
6.8672451525985112E-01
6.9080096974574889E-01
6.9324817570845709E-01
6.9406421571518495E-01
6.9324817570845443E-01
6.9080096974574412E-01
6.8672451525984191E-01
6.8102268135737787E-01
6.7370049519656783E-01
6.6476531786218862E-01
6.5422599459147368E-01
6.4209438039991018E-01
6.2838434627076456E-01
6.1311380017979278E-01
5.9630345585570432E-01
5.7797951806527825E-01
5.5817211170276004E-01
5.3691880607185416E-01
5.1426259320351231E-01
4.9025636938612799E-01
4.6496035067333408E-01
4.3844740488141454E-01
4.1079981925230391E-01
3.8211476380825632E-01
3.5250043469810211E-01
3.2207958000162046E-01
2.9098538118976347E-01
2.5935866070173624E-01
2.2734481586170729E-01
1.9507804683395280E-01
1.6268288202606315E-01
1.3024051966225153E-01
9.7801789957668875E-02
6.5341766466260373E-02
3.2791129923960848E-02
0.0000000000000000E+00
0.0000000000000000E+00
2.9323162366003179E-02
5.8381025701396534E-02
8.7304839975876916E-02
1.1616500012921807E-01
1.4499668011169892E-01
1.7377309913066774E-01
2.0244068667446827E-01
2.3090557799875849E-01
2.5906214014550488E-01
2.8678946259369714E-01
3.1396707574098615E-01
3.4047640439046567E-01
3.6620574283781737E-01
3.9105340888784301E-01
4.1492650172553208E-01
4.3774425135990352E-01
4.5943417672158438E-01
4.7993507543574948E-01
4.9919263820076132E-01
5.1716193436216973E-01
5.3380340394378911E-01
5.4908485541064689E-01
5.6297813535906460E-01
5.7546071284692779E-01
5.8651304069273957E-01
5.9611981768453759E-01
6.0426794484849955E-01
6.1094755827904967E-01
6.1615045338615704E-01
6.1987097804714031E-01
6.2210479958859499E-01
6.2284974549867522E-01
6.2210479958859211E-01
6.1987097804713420E-01
6.1615045338614793E-01
6.1094755827903724E-01
6.0426794484848367E-01
5.9611981768451905E-01
5.8651304069271948E-01
5.7546071284690659E-01
5.6297813535904229E-01
5.4908485541062380E-01
5.3380340394376491E-01
5.1716193436214308E-01
4.9919263820073240E-01
4.7993507543571867E-01
4.5943417672155146E-01
4.3774425135986916E-01
4.1492650172549722E-01
3.9105340888780887E-01
3.6620574283778329E-01
3.4047640439043142E-01
3.1396707574095256E-01
2.8678946259366461E-01
2.5906214014547407E-01
2.3090557799873090E-01
2.0244068667444534E-01
1.7377309913064951E-01
1.4499668011168465E-01
1.1616500012920752E-01
8.7304839975869131E-02
5.8381025701391413E-02
2.9323162365999866E-02
0.0000000000000000E+00
0.0000000000000000E+00
2.6074903065891879E-02
5.1872625036574319E-02
7.7509249593906454E-02
1.0305264736406028E-01
1.2854279907596361E-01
1.5396916872423549E-01
1.7929814135311475E-01
2.0445978588785826E-01
2.2937202706098167E-01
2.5393553659306889E-01
2.7804895011330727E-01
3.0160863963280377E-01
3.2451518089806380E-01
3.4667534892390223E-01
3.6800271176772531E-01
3.8842031840266039E-01
4.0785829830703185E-01
4.2625651737555181E-01
4.4356111506589418E-01
4.5972684307763934E-01
4.7471357151825788E-01
4.8848823814687914E-01
5.0102176790053687E-01
5.1229065725839551E-01
5.2227443334518098E-01
5.3095693860933757E-01
5.3832430526903274E-01
5.4436602032527570E-01
5.4907333028556637E-01
5.5244017067628015E-01
5.5446189806889679E-01
5.5513616931794985E-01
5.5446189806889301E-01
5.5244017067627382E-01
5.4907333028555694E-01
5.4436602032526360E-01
5.3832430526901831E-01
5.3095693860932114E-01
5.2227443334516532E-01
5.1229065725837730E-01
5.0102176790051733E-01
4.8848823814685843E-01
4.7471357151823557E-01
4.5972684307761558E-01
4.4356111506586776E-01
4.2625651737552245E-01
4.0785829830700221E-01
3.8842031840262953E-01
3.6800271176769361E-01
3.4667534892386931E-01
3.2451518089803016E-01
3.0160863963277218E-01
2.7804895011327652E-01
2.5393553659303897E-01
2.2937202706095336E-01
2.0445978588783195E-01
1.7929814135309149E-01
1.5396916872421684E-01
1.2854279907595054E-01
1.0305264736405112E-01
7.7509249593901347E-02
5.1872625036570176E-02
2.6074903065889724E-02
0.0000000000000000E+00
0.0000000000000000E+00
2.3007501338524972E-02
4.5740201144442466E-02
6.8298651228261800E-02
9.0746175362848860E-02
1.1312380568743872E-01
1.3543136240289338E-01
1.5764913075748921E-01
1.7972555765608053E-01
2.0159736413774584E-01
2.2318390246097553E-01
2.4440091593590052E-01
2.6515941108660335E-01
2.8537249463134862E-01
3.0495660307318195E-01
3.2383318003733375E-01
3.4193083437229688E-01
3.5918403052074999E-01
3.7553540994177970E-01
3.9093315954139740E-01
4.0533314916533675E-01
4.1869598691420129E-01
4.3098885148295879E-01
4.4218274225385279E-01
4.5225399810066541E-01
4.6118194140484681E-01
4.6895012778891176E-01
4.7554441680958415E-01
4.8095401997165921E-01
4.8516995124630158E-01
4.8818594974652130E-01
4.8999723069158951E-01
4.9060136277634403E-01
4.8999723069158568E-01
4.8818594974651497E-01
4.8516995124629264E-01
4.8095401997164750E-01
4.7554441680957216E-01
4.6895012778890000E-01
4.6118194140483360E-01
4.5225399810064976E-01
4.4218274225383492E-01
4.3098885148293925E-01
4.1869598691418014E-01
4.0533314916531427E-01
3.9093315954137442E-01
3.7553540994175505E-01
3.5918403052072434E-01
3.4193083437226951E-01
3.2383318003730427E-01
3.0495660307315137E-01
2.8537249463131764E-01
2.6515941108657293E-01
2.4440091593587093E-01
2.2318390246094652E-01
2.0159736413771889E-01
1.7972555765605544E-01
1.5764913075746623E-01
1.3543136240287379E-01
1.1312380568742503E-01
9.0746175362840534E-02
6.8298651228256027E-02
4.5740201144437713E-02
2.3007501338522151E-02
0.0000000000000000E+00
0.0000000000000000E+00
2.0098073669143401E-02
3.9931859967163717E-02
5.9588794508321469E-02
7.9126355025662176E-02
9.8584239237523158E-02
1.1796871843642044E-01
1.3726965715228565E-01
1.5644955694560816E-01
1.7546015406599078E-01
1.9423661642313211E-01
2.1270981117242402E-01
2.3080441655937672E-01
2.4844581537528770E-01
2.6556054353515313E-01
2.8207874195676852E-01
2.9793571972594601E-01
3.1307153956166461E-01
3.2743294274911089E-01
3.4097146090605635E-01
3.5364530737553834E-01
3.6541696202202617E-01
3.7625485702155997E-01
3.8613097154087578E-01
3.9502226552778963E-01
4.0290853494890527E-01
4.0977361299102022E-01
4.1560356472995225E-01
4.2038770740204362E-01
4.2411713132679724E-01
4.2678560576212587E-01
4.2838836903852073E-01
4.2892299327809380E-01
4.2838836903851746E-01
4.2678560576212049E-01
4.2411713132679008E-01
4.2038770740203368E-01
4.1560356472994164E-01
4.0977361299101067E-01
4.0290853494889484E-01
3.9502226552777636E-01
3.8613097154086068E-01
3.7625485702154221E-01
3.6541696202200619E-01
3.5364530737551669E-01
3.4097146090603542E-01
3.2743294274909007E-01
3.1307153956164163E-01
2.9793571972592048E-01
2.8207874195674199E-01
2.6556054353512565E-01
2.4844581537525925E-01
2.3080441655934694E-01
2.1270981117239543E-01
1.9423661642310455E-01
1.7546015406596444E-01
1.5644955694558491E-01
1.3726965715226550E-01
1.1796871843640241E-01
9.8584239237508725E-02
7.9126355025651379E-02
5.9588794508314426E-02
3.9931859967156758E-02
2.0098073669140518E-02
0.0000000000000000E+00
0.0000000000000000E+00
1.7318912438534333E-02
3.4393011599445425E-02
5.1296517058266849E-02
6.8080389385390822E-02
8.4781383763163271E-02
1.0140920793731546E-01
1.1796003246712468E-01
1.3440689904892847E-01
1.5071331270659538E-01
1.6682772700685236E-01
1.8269408353562269E-01
1.9824966066367100E-01
2.1343146148498462E-01
2.2817623534330181E-01
2.4242317880256495E-01
2.5611509428465429E-01
2.6919852525398130E-01
2.8162535686452866E-01
2.9335150077749850E-01
3.0433854404809590E-01
3.1455181256188264E-01
3.2396188053809111E-01
3.3254252469117163E-01
3.4027203063442757E-01
3.4713130341332654E-01
3.5310497555949227E-01
3.5817977841118570E-01
3.6234549189847132E-01
3.6559358743473774E-01
3.6791807668701387E-01
3.6931438797505795E-01
3.6978017934772295E-01
3.6931438797505628E-01
3.6791807668701010E-01
3.6559358743473258E-01
3.6234549189846571E-01
3.5817977841117882E-01
3.5310497555948422E-01
3.4713130341331744E-01
3.4027203063441630E-01
3.3254252469115869E-01
3.2396188053807667E-01
3.1455181256186648E-01
3.0433854404807864E-01
2.9335150077747990E-01
2.8162535686450924E-01
2.6919852525396065E-01
2.5611509428463181E-01
2.4242317880254188E-01
2.2817623534327749E-01
2.1343146148495912E-01
1.9824966066364508E-01
1.8269408353559691E-01
1.6682772700682721E-01
1.5071331270657168E-01
1.3440689904890685E-01
1.1796003246710543E-01
1.0140920793729864E-01
8.4781383763149393E-02
6.8080389385379650E-02
5.1296517058257177E-02
3.4393011599438313E-02
1.7318912438530662E-02
0.0000000000000000E+00
0.0000000000000000E+00
1.4651833322642780E-02
2.9083514325349630E-02
4.3357675257981433E-02
5.7518295532404444E-02
7.1598125409932212E-02
8.5608313346598575E-02
9.9548945612150525E-02
1.1340098261012324E-01
1.2713718854898018E-01
1.4071713289621787E-01
1.5409608256497911E-01
1.6722273187576281E-01
1.8004497399631936E-01
1.9250954371093157E-01
2.0456479488440668E-01
2.1616144590937875E-01
2.2725311818536414E-01
2.3779758318356714E-01
2.4775592868582832E-01
2.5709393463452418E-01
2.6578057251145398E-01
2.7378931350477442E-01
2.8109643202040685E-01
2.8768216572821392E-01
2.9352908890937091E-01
2.9862311298080241E-01
3.0295204949564547E-01
3.0650647781407070E-01
3.0927852672212469E-01
3.1126265561738298E-01
3.1245463290275410E-01
3.1285228672866561E-01
3.1245463290275372E-01
3.1126265561738203E-01
3.0927852672212303E-01
3.0650647781406787E-01
3.0295204949564186E-01
2.9862311298079619E-01
2.9352908890936324E-01
2.8768216572820360E-01
2.8109643202039525E-01
2.7378931350476199E-01
2.6578057251144094E-01
2.5709393463451163E-01
2.4775592868581359E-01
2.3779758318354968E-01
2.2725311818534474E-01
2.1616144590935926E-01
2.0456479488438561E-01
1.9250954371090975E-01
1.8004497399629685E-01
1.6722273187574102E-01
1.5409608256495674E-01
1.4071713289619431E-01
1.2713718854895786E-01
1.1340098261010406E-01
9.9548945612133524E-02
8.5608313346584364E-02
7.1598125409919916E-02
5.7518295532391600E-02
4.3357675257971552E-02
2.9083514325341626E-02
1.4651833322638025E-02
0.0000000000000000E+00
0.0000000000000000E+00
1.2075484273651691E-02
2.3961114809954113E-02
3.5707907240801549E-02
4.7352673891301655E-02
5.8923452501933427E-02
7.0431277462732561E-02
8.1878388594548032E-02
9.3251563270386723E-02
1.0453078904440581E-01
1.1568493909104767E-01
1.2667902624726862E-01
1.3747208883193654E-01
1.4802209676141695E-01
1.5828546630229831E-01
1.6821959947696719E-01
1.7778338673343858E-01
1.8693789042525047E-01
1.9564732852686653E-01
2.0387855912428163E-01
2.1160221486478176E-01
2.1879156007962866E-01
2.2542359361619660E-01
2.3147768212478811E-01
2.3693655127697721E-01
2.4178493608172158E-01
2.4601044356241850E-01
2.4960233764770529E-01
2.5255229209601193E-01
2.5485334662129716E-01
2.5650058771933743E-01
2.5749026522745583E-01
2.5782044803035559E-01
2.5749026522745516E-01
2.5650058771933643E-01
2.5485334662129672E-01
2.5255229209601138E-01
2.4960233764770381E-01
2.4601044356241492E-01
2.4178493608171450E-01
2.3693655127696778E-01
2.3147768212477762E-01
2.2542359361618619E-01
2.1879156007961845E-01
2.1160221486477060E-01
2.0387855912426786E-01
1.9564732852685049E-01
1.8693789042523259E-01
1.7778338673341990E-01
1.6821959947694695E-01
1.5828546630227666E-01
1.4802209676139694E-01
1.3747208883191586E-01
1.2667902624724636E-01
1.1568493909102608E-01
1.0453078904438609E-01
9.3251563270368126E-02
8.1878388594532198E-02
7.0431277462718142E-02
5.8923452501919875E-02
4.7352673891289908E-02
3.5707907240792376E-02
2.3961114809947719E-02
1.2075484273647838E-02
0.0000000000000000E+00
0.0000000000000000E+00
9.5742912654377572E-03
1.8992241161673883E-02
2.8294287858877394E-02
3.7509924708943876E-02
4.6662004185359297E-02
5.5760426853371799E-02
6.4808292332490761E-02
7.3796681487332649E-02
8.2711271504187597E-02
9.1528805378970166E-02
1.0022279207259797E-01
1.0876164867488901E-01
1.1711271490820561E-01
1.2524169325750975E-01
1.3311486572869885E-01
1.4069936746407577E-01
1.4796392401264291E-01
1.5487956325563051E-01
1.6141934855387696E-01
1.6755925522564913E-01
1.7327734410827175E-01
1.7855464198045873E-01
1.8337408683708512E-01
1.8772133556897661E-01
1.9158368899420561E-01
1.9495080467163609E-01
1.9781370991877231E-01
2.0016542996470338E-01
2.0200012844952597E-01
2.0331367889013488E-01
2.0410293009320069E-01
2.0436625795566693E-01
2.0410293009319985E-01
2.0331367889013424E-01
2.0200012844952564E-01
2.0016542996470427E-01
1.9781370991877170E-01
1.9495080467163320E-01
1.9158368899420150E-01
1.8772133556896983E-01
1.8337408683707668E-01
1.7855464198044999E-01
1.7327734410826315E-01
1.6755925522563905E-01
1.6141934855386550E-01
1.5487956325561719E-01
1.4796392401262815E-01
1.4069936746405948E-01
1.3311486572868073E-01
1.2524169325749110E-01
1.1711271490818603E-01
1.0876164867486850E-01
1.0022279207257624E-01
9.1528805378949737E-02
8.2711271504170472E-02
7.3796681487315899E-02
6.4808292332475662E-02
5.5760426853358205E-02
4.6662004185346495E-02
3.7509924708931774E-02
2.8294287858868762E-02
1.8992241161667377E-02
9.5742912654342063E-03
0.0000000000000000E+00
0.0000000000000000E+00
7.1306773893380524E-03
1.4141861056381311E-02
2.1063402020746896E-02
2.7917448407523381E-02
3.4721359540877378E-02
4.1483122146506672E-02
4.8205782583538137E-02
5.4883556032881822E-02
6.1506641890317869E-02
6.8058527902291915E-02
7.4520198290618594E-02
8.0868667451035395E-02
8.7080005639284044E-02
9.3128854581921258E-02
9.8990154786692389E-02
1.0463930856840835E-01
1.1005281005064284E-01
1.1520875886355347E-01
1.2008672430903097E-01
1.2466839817424566E-01
1.2893701701908605E-01
1.3287802706759697E-01
1.3647831419035278E-01
1.3972681858929750E-01
1.4261373406275241E-01
1.4513105312750155E-01
1.4727182272780623E-01
1.4903062618016744E-01
1.5040292959691473E-01
1.5138552127592889E-01
1.5197594987234883E-01
1.5217294908866882E-01
1.5197594987234811E-01
1.5138552127592919E-01
1.5040292959691570E-01
1.4903062618016827E-01
1.4727182272780628E-01
1.4513105312749999E-01
1.4261373406274944E-01
1.3972681858929301E-01
1.3647831419034701E-01
1.3287802706759042E-01
1.2893701701907820E-01
1.2466839817423628E-01
1.2008672430902045E-01
1.1520875886354300E-01
1.1005281005063053E-01
1.0463930856839372E-01
9.8990154786676318E-02
9.3128854581904369E-02
8.7080005639266655E-02
8.0868667451017534E-02
7.4520198290600678E-02
6.8058527902275040E-02
6.1506641890301569E-02
5.4883556032865932E-02
4.8205782583524093E-02
4.1483122146494363E-02
3.4721359540865804E-02
2.7917448407513250E-02
2.1063402020737910E-02
1.4141861056374909E-02
7.1306773893346949E-03
0.0000000000000000E+00
0.0000000000000000E+00
4.7304022962238006E-03
9.3799179857314771E-03
1.3968388264639106E-02
1.8510575184247428E-02
2.3018146772995744E-02
2.7496692496628172E-02
3.1948567203104523E-02
3.6370341373661463E-02
4.0755919178294346E-02
4.5094732773833274E-02
4.9374513212807433E-02
5.3580271223474640E-02
5.7696334236914490E-02
6.1705973634867801E-02
6.5592606460912278E-02
6.9339862718689915E-02
7.2932060573107291E-02
7.6354521918864729E-02
7.9593526276753840E-02
8.2636732732848814E-02
8.5472823139102538E-02
8.8091942096394774E-02
9.0485197195706288E-02
9.2645071726390027E-02
9.4564893728151050E-02
9.6239205645027193E-02
9.7663264450429957E-02
9.8833370715911278E-02
9.9746425818066475E-02
1.0040023325336328E-01
1.0079311560276037E-01
1.0092420630542995E-01
1.0079311560276064E-01
1.0040023325336547E-01
9.9746425818068071E-02
9.8833370715911611E-02
9.7663264450430526E-02
9.6239205645026485E-02
9.4564893728148997E-02
9.2645071726387918E-02
9.0485197195702499E-02
8.8091942096388348E-02
8.5472823139095572E-02
8.2636732732840668E-02
7.9593526276745152E-02
7.6354521918855070E-02
7.2932060573097035E-02
6.9339862718677356E-02
6.5592606460898470E-02
6.1705973634853931E-02
5.7696334236900300E-02
5.3580271223460922E-02
4.9374513212793431E-02
4.5094732773818175E-02
4.0755919178278879E-02
3.6370341373646170E-02
3.1948567203090035E-02
2.7496692496615797E-02
2.3018146772985304E-02
1.8510575184238178E-02
1.3968388264631671E-02
9.3799179857245608E-03
4.7304022962200041E-03
0.0000000000000000E+00
0.0000000000000000E+00
2.3581151423404190E-03
4.6755066031804104E-03
6.9620024192271054E-03
9.2249870582460612E-03
1.1470321598601230E-02
1.3700872066710246E-02
1.5917912005519234E-02
1.8119846506622985E-02
2.0303755550521774E-02
2.2464483196059207E-02
2.4596013781289991E-02
2.6690953572804193E-02
2.8741548170486107E-02
3.0739489914467392E-02
3.2676523626915685E-02
3.4544477310457497E-02
3.6335507013315324E-02
3.8042254173903681E-02
3.9657829317212200E-02
4.1176023974055759E-02
4.2591137102136786E-02
4.3898196542431066E-02
4.5092711833746191E-02
4.6170882060033620E-02
4.7129331372513412E-02
4.7965295152033467E-02
4.8676369960546105E-02
4.9260679238410453E-02
4.9716651196564605E-02
5.0043170522879155E-02
5.0239385898254732E-02
5.0304856890734787E-02
5.0239385898255974E-02
5.0043170522880792E-02
4.9716651196566514E-02
4.9260679238411625E-02
4.8676369960546813E-02
4.7965295152032732E-02
4.7129331372511990E-02
4.6170882060031788E-02
4.5092711833743665E-02
4.3898196542426875E-02
4.2591137102131596E-02
4.1176023974049410E-02
3.9657829317205115E-02
3.8042254173895271E-02
3.6335507013305124E-02
3.4544477310446707E-02
3.2676523626903840E-02
3.0739489914455641E-02
2.8741548170474012E-02
2.6690953572791679E-02
2.4596013781278171E-02
2.2464483196046183E-02
2.0303755550507223E-02
1.8119846506608542E-02
1.5917912005505019E-02
1.3700872066695116E-02
1.1470321598588809E-02
9.2249870582349746E-03
6.9620024192178264E-03
4.6755066031739642E-03
2.3581151423367505E-03
0.0000000000000000E+00
0.0000000000000000E+00
4.3705912889174978E-16
9.6885880882629345E-16
1.4858763592332239E-15
2.1440329442200249E-15
2.5841379181412715E-15
3.1597560270350310E-15
3.7897576336548201E-15
4.5386639360446975E-15
4.9172778060303822E-15
5.5511219392574080E-15
6.0647638917865527E-15
6.7221036821977478E-15
7.3457277171893430E-15
8.3939058106151884E-15
8.5726895704644089E-15
9.0913598413191225E-15
9.6754342119555163E-15
1.0395853130126154E-14
1.0726896063420574E-14
1.1594573935777579E-14
1.2184909962154096E-14
1.2990421136636360E-14
1.3567097217040968E-14
1.4009709065818662E-14
1.4436753987387812E-14
1.4233843302711251E-14
1.3569669495225401E-14
1.3789396305561978E-14
1.3927700015273998E-14
1.4198696353511367E-14
1.4075271526388566E-14
1.5523039385237502E-14
1.5411492911670724E-14
1.6344748288038452E-14
1.5957592689722799E-14
1.4990202234022254E-14
1.4735488697033318E-14
1.4467431442672452E-14
1.3978851880839290E-14
1.3155859953402507E-14
1.1265796291036281E-14
1.0619886356662183E-14
9.0886464473318039E-15
6.6994737234158009E-15
3.5156564401974841E-15
1.1515681925051929E-15
-3.1072661689019345E-16
-4.8323467668720497E-16
-3.5093333842734732E-16
-7.6596155538298738E-16
-2.1621515059603001E-15
-2.9921956627573887E-15
-4.0123683848230605E-15
-5.6310859958795930E-15
-6.8366070182093080E-15
-8.4007327929045352E-15
-1.0080454855328607E-14
-1.0236643247560409E-14
-1.1804162590251996E-14
-9.9057405340936681E-15
-8.3207231168017026E-15
-6.6833083331192653E-15
-3.2331104493521718E-15
0.0000000000000000E+00
0.0000000000000000E+00
-2.3581151423394428E-03
-4.6755066031785378E-03
-6.9620024192241043E-03
-9.2249870582421078E-03
-1.1470321598596036E-02
-1.3700872066704001E-02
-1.5917912005511771E-02
-1.8119846506614405E-02
-2.0303755550511886E-02
-2.2464483196048251E-02
-2.4596013781277688E-02
-2.6690953572790735E-02
-2.8741548170470886E-02
-3.0739489914450805E-02
-3.2676523626897970E-02
-3.4544477310439067E-02
-3.6335507013295756E-02
-3.8042254173883412E-02
-3.9657829317190592E-02
-4.1176023974033069E-02
-4.2591137102112618E-02
-4.3898196542405760E-02
-4.5092711833719927E-02
-4.6170882060006746E-02
-4.7129331372485608E-02
-4.7965295152005614E-02
-4.8676369960518932E-02
-4.9260679238383620E-02
-4.9716651196537849E-02
-5.0043170522852995E-02
-5.0239385898227469E-02
-5.0304856890705602E-02
-5.0239385898225290E-02
-5.0043170522849248E-02
-4.9716651196534872E-02
-4.9260679238381205E-02
-4.8676369960516913E-02
-4.7965295152003880E-02
-4.7129331372484984E-02
-4.6170882060006788E-02
-4.5092711833719816E-02
-4.3898196542406398E-02
-4.2591137102114193E-02
-4.1176023974036094E-02
-3.9657829317195886E-02
-3.8042254173890802E-02
-3.6335507013304291E-02
-3.4544477310448074E-02
-3.2676523626906477E-02
-3.0739489914459364E-02
-2.8741548170479615E-02
-2.6690953572800449E-02
-2.4596013781288742E-02
-2.2464483196059766E-02
-2.0303755550523297E-02
-1.8119846506626555E-02
-1.5917912005524087E-02
-1.3700872066716786E-02
-1.1470321598609516E-02
-9.2249870582551113E-03
-6.9620024192348978E-03
-4.6755066031863328E-03
-2.3581151423441313E-03
0.0000000000000000E+00
0.0000000000000000E+00
-4.7304022962228976E-03
-9.3799179857295498E-03
-1.3968388264636306E-02
-1.8510575184243445E-02
-2.3018146772990751E-02
-2.7496692496622021E-02
-3.1948567203097258E-02
-3.6370341373652748E-02
-4.0755919178284562E-02
-4.5094732773822151E-02
-4.9374513212795221E-02
-5.3580271223460992E-02
-5.7696334236899405E-02
-6.1705973634851391E-02
-6.5592606460894862E-02
-6.9339862718671430E-02
-7.2932060573088195E-02
-7.6354521918844481E-02
-7.9593526276732954E-02
-8.2636732732826415E-02
-8.5472823139079265E-02
-8.8091942096370224E-02
-9.0485197195681655E-02
-9.2645071726364589E-02
-9.4564893728126098E-02
-9.6239205645001422E-02
-9.7663264450403756E-02
-9.8833370715884605E-02
-9.9746425818041370E-02
-1.0040023325333915E-01
-1.0079311560273457E-01
-1.0092420630540248E-01
-1.0079311560273248E-01
-1.0040023325333459E-01
-9.9746425818036652E-02
-9.8833370715880081E-02
-9.7663264450399995E-02
-9.6239205644998008E-02
-9.4564893728123503E-02
-9.2645071726363104E-02
-9.0485197195681003E-02
-8.8091942096371112E-02
-8.5472823139080389E-02
-8.2636732732828649E-02
-7.9593526276737075E-02
-7.6354521918850213E-02
-7.2932060573094940E-02
-6.9339862718679618E-02
-6.5592606460903216E-02
-6.1705973634859135E-02
-5.7696334236907662E-02
-5.3580271223470713E-02
-4.9374513212806184E-02
-4.5094732773833961E-02
-4.0755919178296567E-02
-3.6370341373663746E-02
-3.1948567203108874E-02
-2.7496692496633824E-02
-2.3018146773002398E-02
-1.8510575184254897E-02
-1.3968388264647471E-02
-9.3799179857388480E-03
-4.7304022962286248E-03
0.0000000000000000E+00
0.0000000000000000E+00
-7.1306773893371461E-03
-1.4141861056379412E-02
-2.1063402020743988E-02
-2.7917448407519439E-02
-3.4721359540872437E-02
-4.1483122146500573E-02
-4.8205782583530851E-02
-5.4883556032873274E-02
-6.1506641890308168E-02
-6.8058527902280980E-02
-7.4520198290606340E-02
-8.0868667451021933E-02
-8.7080005639269389E-02
-9.3128854581905465E-02
-9.8990154786675000E-02
-1.0463930856838964E-01
-1.1005281005062356E-01
-1.1520875886353363E-01
-1.2008672430901024E-01
-1.2466839817422402E-01
-1.2893701701906374E-01
-1.3287802706757496E-01
-1.3647831419032999E-01
-1.3972681858927430E-01
-1.4261373406272937E-01
-1.4513105312747840E-01
-1.4727182272778194E-01
-1.4903062618014223E-01
-1.5040292959689064E-01
-1.5138552127590466E-01
-1.5197594987232391E-01
-1.5217294908864390E-01
-1.5197594987232210E-01
-1.5138552127590152E-01
-1.5040292959688614E-01
-1.4903062618013765E-01
-1.4727182272777722E-01
-1.4513105312747329E-01
-1.4261373406272460E-01
-1.3972681858927119E-01
-1.3647831419032816E-01
-1.3287802706757362E-01
-1.2893701701906435E-01
-1.2466839817422543E-01
-1.2008672430901292E-01
-1.1520875886353814E-01
-1.1005281005062970E-01
-1.0463930856839683E-01
-9.8990154786683091E-02
-9.3128854581914181E-02
-8.7080005639279298E-02
-8.0868667451032772E-02
-7.4520198290617706E-02
-6.8058527902293872E-02
-6.1506641890321311E-02
-5.4883556032886388E-02
-4.8205782583544347E-02
-4.1483122146512869E-02
-3.4721359540883998E-02
-2.7917448407531124E-02
-2.1063402020755271E-02
-1.4141861056388231E-02
-7.1306773893416060E-03
0.0000000000000000E+00
0.0000000000000000E+00
-9.5742912654368222E-03
-1.8992241161671943E-02
-2.8294287858874414E-02
-3.7509924708939907E-02
-4.6662004185354322E-02
-5.5760426853365672E-02
-6.4808292332483475E-02
-7.3796681487324170E-02
-8.2711271504177730E-02
-9.1528805378959022E-02
-1.0022279207258561E-01
-1.0876164867487577E-01
-1.1711271490819160E-01
-1.2524169325749451E-01
-1.3311486572868231E-01
-1.4069936746405801E-01
-1.4796392401262395E-01
-1.5487956325561064E-01
-1.6141934855385678E-01
-1.6755925522562803E-01
-1.7327734410825035E-01
-1.7855464198043644E-01
-1.8337408683706366E-01
-1.8772133556895576E-01
-1.9158368899418493E-01
-1.9495080467161416E-01
-1.9781370991875036E-01
-2.0016542996468165E-01
-2.0200012844950305E-01
-2.0331367889011229E-01
-2.0410293009317806E-01
-2.0436625795564353E-01
-2.0410293009317648E-01
-2.0331367889010948E-01
-2.0200012844949924E-01
-2.0016542996467726E-01
-1.9781370991874539E-01
-1.9495080467160764E-01
-1.9158368899417841E-01
-1.8772133556895115E-01
-1.8337408683706130E-01
-1.7855464198043561E-01
-1.7327734410825044E-01
-1.6755925522562909E-01
-1.6141934855385803E-01
-1.5487956325561386E-01
-1.4796392401262926E-01
-1.4069936746406461E-01
-1.3311486572869069E-01
-1.2524169325750439E-01
-1.1711271490820102E-01
-1.0876164867488639E-01
-1.0022279207259782E-01
-9.1528805378972761E-02
-8.2711271504193176E-02
-7.3796681487339186E-02
-6.4808292332498407E-02
-5.5760426853379827E-02
-4.6662004185368144E-02
-3.7509924708954034E-02
-2.8294287858886238E-02
-1.8992241161679340E-02
-9.5742912654408329E-03
0.0000000000000000E+00
0.0000000000000000E+00
-1.2075484273650737E-02
-2.3961114809952135E-02
-3.5707907240798635E-02
-4.7352673891297686E-02
-5.8923452501928535E-02
-7.0431277462726607E-02
-8.1878388594541079E-02
-9.3251563270378424E-02
-1.0453078904439614E-01
-1.1568493909103672E-01
-1.2667902624725691E-01
-1.3747208883192383E-01
-1.4802209676140360E-01
-1.5828546630228399E-01
-1.6821959947695175E-01
-1.7778338673342173E-01
-1.8693789042523301E-01
-1.9564732852684819E-01
-2.0387855912426248E-01
-2.1160221486476263E-01
-2.1879156007960901E-01
-2.2542359361617642E-01
-2.3147768212476796E-01
-2.3693655127695729E-01
-2.4178493608170165E-01
-2.4601044356239807E-01
-2.4960233764768491E-01
-2.5255229209599173E-01
-2.5485334662127618E-01
-2.5650058771931561E-01
-2.5749026522743529E-01
-2.5782044803033538E-01
-2.5749026522743490E-01
-2.5650058771931505E-01
-2.5485334662127440E-01
-2.5255229209598790E-01
-2.4960233764767956E-01
-2.4601044356239166E-01
-2.4178493608169521E-01
-2.3693655127695185E-01
-2.3147768212476444E-01
-2.2542359361617542E-01
-2.1879156007960859E-01
-2.1160221486476208E-01
-2.0387855912426264E-01
-1.9564732852684888E-01
-1.8693789042523606E-01
-1.7778338673342678E-01
-1.6821959947695905E-01
-1.5828546630229332E-01
-1.4802209676141354E-01
-1.3747208883193407E-01
-1.2667902624726884E-01
-1.1568493909105017E-01
-1.0453078904441114E-01
-9.3251563270394244E-02
-8.1878388594556040E-02
-7.0431277462740915E-02
-5.8923452501942891E-02
-4.7352673891311599E-02
-3.5707907240809481E-02
-2.3961114809960056E-02
-1.2075484273654581E-02
0.0000000000000000E+00
0.0000000000000000E+00
-1.4651833322641803E-02
-2.9083514325347889E-02
-4.3357675257978567E-02
-5.7518295532400759E-02
-7.1598125409927452E-02
-8.5608313346593037E-02
-9.9548945612143683E-02
-1.1340098261011543E-01
-1.2713718854897088E-01
-1.4071713289620763E-01
-1.5409608256496787E-01
-1.6722273187575118E-01
-1.8004497399630651E-01
-1.9250954371091800E-01
-2.0456479488439208E-01
-2.1616144590936368E-01
-2.2725311818534827E-01
-2.3779758318355101E-01
-2.4775592868581164E-01
-2.5709393463450730E-01
-2.6578057251143594E-01
-2.7378931350475572E-01
-2.8109643202038870E-01
-2.8768216572819577E-01
-2.9352908890935214E-01
-2.9862311298078414E-01
-3.0295204949562743E-01
-3.0650647781405227E-01
-3.0927852672210565E-01
-3.1126265561736449E-01
-3.1245463290273628E-01
-3.1285228672864890E-01
-3.1245463290273667E-01
-3.1126265561736455E-01
-3.0927852672210471E-01
-3.0650647781404977E-01
-3.0295204949562282E-01
-2.9862311298077771E-01
-2.9352908890934620E-01
-2.8768216572818955E-01
-2.8109643202038231E-01
-2.7378931350475216E-01
-2.6578057251143344E-01
-2.5709393463450525E-01
-2.4775592868580967E-01
-2.3779758318355060E-01
-2.2725311818534907E-01
-2.1616144590936651E-01
-2.0456479488439810E-01
-1.9250954371092716E-01
-1.8004497399631553E-01
-1.6722273187576142E-01
-1.5409608256498103E-01
-1.4071713289622106E-01
-1.2713718854898495E-01
-1.1340098261012951E-01
-9.9548945612157949E-02
-8.5608313346607456E-02
-7.1598125409941302E-02
-5.7518295532414082E-02
-4.3357675257988573E-02
-2.9083514325355178E-02
-1.4651833322645164E-02
0.0000000000000000E+00
0.0000000000000000E+00
-1.7318912438533542E-02
-3.4393011599443725E-02
-5.1296517058264310E-02
-6.8080389385387338E-02
-8.4781383763158871E-02
-1.0140920793731005E-01
-1.1796003246711834E-01
-1.3440689904892109E-01
-1.5071331270658705E-01
-1.6682772700684315E-01
-1.8269408353561253E-01
-1.9824966066365979E-01
-2.1343146148497250E-01
-2.2817623534328912E-01
-2.4242317880255160E-01
-2.5611509428464074E-01
-2.6919852525396726E-01
-2.8162535686451401E-01
-2.9335150077748384E-01
-3.0433854404808069E-01
-3.1455181256186632E-01
-3.2396188053807456E-01
-3.3254252469115525E-01
-3.4027203063441058E-01
-3.4713130341330950E-01
-3.5310497555947601E-01
-3.5817977841116971E-01
-3.6234549189845550E-01
-3.6559358743472187E-01
-3.6791807668699844E-01
-3.6931438797504323E-01
-3.6978017934770868E-01
-3.6931438797504257E-01
-3.6791807668699661E-01
-3.6559358743471887E-01
-3.6234549189845178E-01
-3.5817977841116555E-01
-3.5310497555947079E-01
-3.4713130341330417E-01
-3.4027203063440398E-01
-3.3254252469114842E-01
-3.2396188053806835E-01
-3.1455181256186143E-01
-3.0433854404807648E-01
-2.9335150077748096E-01
-2.8162535686451129E-01
-2.6919852525396615E-01
-2.5611509428464196E-01
-2.4242317880255573E-01
-2.2817623534329493E-01
-2.1343146148498002E-01
-1.9824966066366936E-01
-1.8269408353562294E-01
-1.6682772700685530E-01
-1.5071331270660013E-01
-1.3440689904893355E-01
-1.1796003246713226E-01
-1.0140920793732476E-01
-8.4781383763172680E-02
-6.8080389385398954E-02
-5.1296517058273705E-02
-3.4393011599450220E-02
-1.7318912438536119E-02
0.0000000000000000E+00
0.0000000000000000E+00
-2.0098073669142753E-02
-3.9931859967162239E-02
-5.9588794508319352E-02
-7.9126355025659137E-02
-9.8584239237519244E-02
-1.1796871843641550E-01
-1.3726965715228001E-01
-1.5644955694560161E-01
-1.7546015406598367E-01
-1.9423661642312395E-01
-2.1270981117241516E-01
-2.3080441655936682E-01
-2.4844581537527677E-01
-2.6556054353514152E-01
-2.8207874195675653E-01
-2.9793571972593330E-01
-3.1307153956165218E-01
-3.2743294274909818E-01
-3.4097146090604374E-01
-3.5364530737552563E-01
-3.6541696202201351E-01
-3.7625485702154637E-01
-3.8613097154086112E-01
-3.9502226552777531E-01
-4.0290853494889162E-01
-4.0977361299100667E-01
-4.1560356472993942E-01
-4.2038770740203107E-01
-4.2411713132678591E-01
-4.2678560576211411E-01
-4.2838836903850824E-01
-4.2892299327808286E-01
-4.2838836903850785E-01
-4.2678560576211094E-01
-4.2411713132678175E-01
-4.2038770740202758E-01
-4.1560356472993493E-01
-4.0977361299100190E-01
-4.0290853494888623E-01
-3.9502226552777020E-01
-3.8613097154085546E-01
-3.7625485702154027E-01
-3.6541696202200663E-01
-3.5364530737551808E-01
-3.4097146090603891E-01
-3.2743294274909590E-01
-3.1307153956165157E-01
-2.9793571972593325E-01
-2.8207874195675720E-01
-2.6556054353514469E-01
-2.4844581537528168E-01
-2.3080441655937348E-01
-2.1270981117242346E-01
-1.9423661642313392E-01
-1.7546015406599413E-01
-1.5644955694561299E-01
-1.3726965715229320E-01
-1.1796871843642934E-01
-9.8584239237531610E-02
-7.9126355025668824E-02
-5.9588794508326152E-02
-3.9931859967166569E-02
-2.0098073669144820E-02
0.0000000000000000E+00
0.0000000000000000E+00
-2.3007501338524403E-02
-4.5740201144441293E-02
-6.8298651228259982E-02
-9.0746175362846293E-02
-1.1312380568743532E-01
-1.3543136240288930E-01
-1.5764913075748432E-01
-1.7972555765607501E-01
-2.0159736413773960E-01
-2.2318390246096870E-01
-2.4440091593589297E-01
-2.6515941108659513E-01
-2.8537249463133940E-01
-3.0495660307317202E-01
-3.2383318003732336E-01
-3.4193083437228611E-01
-3.5918403052073894E-01
-3.7553540994176859E-01
-3.9093315954138602E-01
-4.0533314916532576E-01
-4.1869598691419063E-01
-4.3098885148294769E-01
-4.4218274225384036E-01
-4.5225399810065331E-01
-4.6118194140483559E-01
-4.6895012778890083E-01
-4.7554441680957360E-01
-4.8095401997164933E-01
-4.8516995124629309E-01
-4.8818594974651314E-01
-4.8999723069158185E-01
-4.9060136277633754E-01
-4.8999723069158113E-01
-4.8818594974651125E-01
-4.8516995124629048E-01
-4.8095401997164672E-01
-4.7554441680957055E-01
-4.6895012778889772E-01
-4.6118194140483137E-01
-4.5225399810064815E-01
-4.4218274225383469E-01
-4.3098885148294075E-01
-4.1869598691418414E-01
-4.0533314916532076E-01
-3.9093315954138230E-01
-3.7553540994176565E-01
-3.5918403052073694E-01
-3.4193083437228516E-01
-3.2383318003732259E-01
-3.0495660307317274E-01
-2.8537249463134295E-01
-2.6515941108660068E-01
-2.4440091593589972E-01
-2.2318390246097575E-01
-2.0159736413774795E-01
-1.7972555765608514E-01
-1.5764913075749598E-01
-1.3543136240290091E-01
-1.1312380568744575E-01
-9.0746175362854897E-02
-6.8298651228265880E-02
-4.5740201144444728E-02
-2.3007501338525711E-02
0.0000000000000000E+00
0.0000000000000000E+00
-2.6074903065891480E-02
-5.1872625036573243E-02
-7.7509249593904914E-02
-1.0305264736405795E-01
-1.2854279907596070E-01
-1.5396916872423197E-01
-1.7929814135311095E-01
-2.0445978588785355E-01
-2.2937202706097634E-01
-2.5393553659306306E-01
-2.7804895011330127E-01
-3.0160863963279722E-01
-3.2451518089805687E-01
-3.4667534892389446E-01
-3.6800271176771732E-01
-3.8842031840265157E-01
-4.0785829830702264E-01
-4.2625651737554232E-01
-4.4356111506588519E-01
-4.5972684307763090E-01
-4.7471357151824950E-01
-4.8848823814687053E-01
-5.0102176790052766E-01
-5.1229065725838607E-01
-5.2227443334517321E-01
-5.3095693860932858E-01
-5.3832430526902419E-01
-5.4436602032526871E-01
-5.4907333028556138E-01
-5.5244017067627715E-01
-5.5446189806889523E-01
-5.5513616931794962E-01
-5.5446189806889368E-01
-5.5244017067627493E-01
-5.4907333028556060E-01
-5.4436602032526871E-01
-5.3832430526902297E-01
-5.3095693860932669E-01
-5.2227443334516888E-01
-5.1229065725838185E-01
-5.0102176790052311E-01
-4.8848823814686504E-01
-4.7471357151824339E-01
-4.5972684307762546E-01
-4.4356111506588036E-01
-4.2625651737553738E-01
-4.0785829830701864E-01
-3.8842031840264785E-01
-3.6800271176771343E-01
-3.4667534892389168E-01
-3.2451518089805770E-01
-3.0160863963280127E-01
-2.7804895011330594E-01
-2.5393553659306806E-01
-2.2937202706098198E-01
-2.0445978588786137E-01
-1.7929814135311939E-01
-1.5396916872424002E-01
-1.2854279907596883E-01
-1.0305264736406515E-01
-7.7509249593909951E-02
-5.1872625036575561E-02
-2.6074903065892236E-02
0.0000000000000000E+00
0.0000000000000000E+00
-2.9323162366002766E-02
-5.8381025701395597E-02
-8.7304839975875528E-02
-1.1616500012921605E-01
-1.4499668011169659E-01
-1.7377309913066485E-01
-2.0244068667446508E-01
-2.3090557799875486E-01
-2.5906214014550089E-01
-2.8678946259369253E-01
-3.1396707574098126E-01
-3.4047640439046067E-01
-3.6620574283781204E-01
-3.9105340888783668E-01
-4.1492650172552509E-01
-4.3774425135989603E-01
-4.5943417672157716E-01
-4.7993507543574265E-01
-4.9919263820075477E-01
-5.1716193436216296E-01
-5.3380340394378223E-01
-5.4908485541063967E-01
-5.6297813535905750E-01
-5.7546071284692091E-01
-5.8651304069273358E-01
-5.9611981768453171E-01
-6.0426794484849433E-01
-6.1094755827904590E-01
-6.1615045338615571E-01
-6.1987097804714109E-01
-6.2210479958859721E-01
-6.2284974549867922E-01
-6.2210479958859677E-01
-6.1987097804714109E-01
-6.1615045338615648E-01
-6.1094755827904612E-01
-6.0426794484849333E-01
-5.9611981768452960E-01
-5.8651304069272991E-01
-5.7546071284691691E-01
-5.6297813535905339E-01
-5.4908485541063490E-01
-5.3380340394377590E-01
-5.1716193436215652E-01
-4.9919263820074816E-01
-4.7993507543573505E-01
-4.5943417672156978E-01
-4.3774425135988948E-01
-4.1492650172551804E-01
-3.9105340888783174E-01
-3.6620574283781004E-01
-3.4047640439046195E-01
-3.1396707574098454E-01
-2.8678946259369598E-01
-2.5906214014550483E-01
-2.3090557799875924E-01
-2.0244068667447002E-01
-1.7377309913066979E-01
-1.4499668011170191E-01
-1.1616500012922122E-01
-8.7304839975879817E-02
-5.8381025701397665E-02
-2.9323162366003342E-02
0.0000000000000000E+00
0.0000000000000000E+00
-3.2791129923963901E-02
-6.5341766466267465E-02
-9.7801789957678839E-02
-1.3024051966226308E-01
-1.6268288202607656E-01
-1.9507804683396993E-01
-2.2734481586172792E-01
-2.5935866070176267E-01
-2.9098538118979239E-01
-3.2207958000165077E-01
-3.5250043469813452E-01
-3.8211476380828946E-01
-4.1079981925233633E-01
-4.3844740488144646E-01
-4.6496035067336700E-01
-4.9025636938616174E-01
-5.1426259320354484E-01
-5.3691880607188536E-01
-5.5817211170278946E-01
-5.7797951806530468E-01
-5.9630345585572775E-01
-6.1311380017981476E-01
-6.2838434627078454E-01
-6.4209438039993094E-01
-6.5422599459149244E-01
-6.6476531786220661E-01
-6.7370049519658337E-01
-6.8102268135739197E-01
-6.8672451525985345E-01
-6.9080096974575245E-01
-6.9324817570846142E-01
-6.9406421571519095E-01
-6.9324817570846253E-01
-6.9080096974575367E-01
-6.8672451525985523E-01
-6.8102268135739175E-01
-6.7370049519658259E-01
-6.6476531786220472E-01
-6.5422599459148933E-01
-6.4209438039992639E-01
-6.2838434627077833E-01
-6.1311380017980821E-01
-5.9630345585571964E-01
-5.7797951806529468E-01
-5.5817211170277858E-01
-5.3691880607187414E-01
-5.1426259320353207E-01
-4.9025636938614964E-01
-4.6496035067335600E-01
-4.3844740488143724E-01
-4.1079981925232911E-01
-3.8211476380828580E-01
-3.5250043469813447E-01
-3.2207958000165299E-01
-2.9098538118979356E-01
-2.5935866070176428E-01
-2.2734481586173017E-01
-1.9507804683397117E-01
-1.6268288202607972E-01
-1.3024051966226782E-01
-9.7801789957681823E-02
-6.5341766466269019E-02
-3.2791129923965642E-02
0.0000000000000000E+00
0.0000000000000000E+00
-3.6510287270785535E-02
-7.2828537768003451E-02
-1.0912180924074681E-01
-1.4545257961186805E-01
-1.8182628212648791E-01
-2.1815651838478461E-01
-2.5432337598106364E-01
-2.9016388144117350E-01
-3.2550943125084264E-01
-3.6018845159695989E-01
-3.9403948439942865E-01
-4.2691682852772639E-01
-4.5868925392797261E-01
-4.8924531892203699E-01
-5.1848677527653164E-01
-5.4633287914316764E-01
-5.7271317372572583E-01
-5.9757083276754297E-01
-6.2085650863250275E-01
-6.4253088417949167E-01
-6.6255990258053865E-01
-6.8091670414504568E-01
-6.9757807555557816E-01
-7.1252592341750642E-01
-7.2574467375675433E-01
-7.3722240866997224E-01
-7.4694896550962608E-01
-7.5491684255610625E-01
-7.6111979500331373E-01
-7.6555360123992788E-01
-7.6821499759975509E-01
-7.6910238882630377E-01
-7.6821499759975653E-01
-7.6555360123992977E-01
-7.6111979500331395E-01
-7.5491684255610525E-01
-7.4694896550962331E-01
-7.3722240866996791E-01
-7.2574467375674889E-01
-7.1252592341749998E-01
-6.9757807555557039E-01
-6.8091670414503613E-01
-6.6255990258052766E-01
-6.4253088417947901E-01
-6.2085650863248831E-01
-5.9757083276752720E-01
-5.7271317372570940E-01
-5.4633287914315176E-01
-5.1848677527651754E-01
-4.8924531892202400E-01
-4.5868925392795951E-01
-4.2691682852771490E-01
-3.9403948439942094E-01
-3.6018845159695623E-01
-3.2550943125084025E-01
-2.9016388144117194E-01
-2.5432337598106242E-01
-2.1815651838478350E-01
-1.8182628212648760E-01
-1.4545257961186928E-01
-1.0912180924074874E-01
-7.2828537768006893E-02
-3.6510287270786979E-02
0.0000000000000000E+00
0.0000000000000000E+00
-4.0540638756263792E-02
-8.0958908658880210E-02
-1.2144389771545470E-01
-1.6204066619583049E-01
-2.0272268828485365E-01
-2.4335199141216701E-01
-2.8375729186710519E-01
-3.2372808162453903E-01
-3.6305694084299883E-01
-4.0154562518526021E-01
-4.3901413143595241E-01
-4.7530803125144788E-01
-5.1029201816990755E-01
-5.4385590969857045E-01
-5.7590460702121571E-01
-6.0636264001860463E-01
-6.3516521085474376E-01
-6.6226157085611093E-01
-6.8760818230110698E-01
-7.1117121566171859E-01
-7.3292162519445681E-01
-7.5283699760114986E-01
-7.7089807747672001E-01
-7.8709014534490040E-01
-8.0140057228751593E-01
-8.1381986455766697E-01
-8.2433992850945281E-01
-8.3295488997387346E-01
-8.3965984019610462E-01
-8.4445151910430172E-01
-8.4732737761803156E-01
-8.4828620338121397E-01
-8.4732737761803223E-01
-8.4445151910430183E-01
-8.3965984019610462E-01
-8.3295488997387035E-01
-8.2433992850944715E-01
-8.1381986455766087E-01
-8.0140057228750794E-01
-7.8709014534489063E-01
-7.7089807747670869E-01
-7.5283699760113609E-01
-7.3292162519444226E-01
-7.1117121566170238E-01
-6.8760818230108811E-01
-6.6226157085609094E-01
-6.3516521085472211E-01
-6.0636264001858498E-01
-5.7590460702119639E-01
-5.4385590969855035E-01
-5.1029201816988745E-01
-4.7530803125142923E-01
-4.3901413143593770E-01
-4.0154562518524894E-01
-3.6305694084298984E-01
-3.2372808162453165E-01
-2.8375729186709880E-01
-2.4335199141216191E-01
-2.0272268828484899E-01
-1.6204066619582813E-01
-1.2144389771545355E-01
-8.0958908658880252E-02
-4.0540638756264437E-02
0.0000000000000000E+00
0.0000000000000000E+00
-4.4930562751715940E-02
-8.9850968748470220E-02
-1.3496567030290885E-01
-1.8028622107056638E-01
-2.2572946561515822E-01
-2.7108474014907075E-01
-3.1611026749511462E-01
-3.6054121946675383E-01
-4.0412801466122916E-01
-4.4664998799628919E-01
-4.8791392375286785E-01
-5.2776386328023883E-01
-5.6606719703602670E-01
-6.0272115950517435E-01
-6.3763919784914791E-01
-6.7075541760051360E-01
-7.0201434599281065E-01
-7.3137406617894074E-01
-7.5879917140022268E-01
-7.8426301118943176E-01
-8.0774297153438279E-01
-8.2922210208545610E-01
-8.4868595971779182E-01
-8.6612380109687770E-01
-8.8152644990005324E-01
-8.9488718733655082E-01
-9.0620028534238883E-01
-9.1546169471000471E-01
-9.2266800945896754E-01
-9.2781703180146913E-01
-9.3090701015978750E-01
-9.3193714907759440E-01
-9.3090701015978750E-01
-9.2781703180146746E-01
-9.2266800945896366E-01
-9.1546169470999972E-01
-9.0620028534238128E-01
-8.9488718733654127E-01
-8.8152644990004203E-01
-8.6612380109686526E-01
-8.4868595971777716E-01
-8.2922210208543945E-01
-8.0774297153436347E-01
-7.8426301118940844E-01
-7.5879917140019737E-01
-7.3137406617891365E-01
-7.0201434599278434E-01
-6.7075541760048696E-01
-6.3763919784912115E-01
-6.0272115950514771E-01
-5.6606719703599995E-01
-5.2776386328021385E-01
-4.8791392375284515E-01
-4.4664998799627026E-01
-4.0412801466121268E-01
-3.6054121946673945E-01
-3.1611026749510091E-01
-2.7108474014905859E-01
-2.2572946561514839E-01
-1.8028622107055853E-01
-1.3496567030290338E-01
-8.9850968748467153E-02
-4.4930562751714281E-02
0.0000000000000000E+00
0.0000000000000000E+00
-4.9785763174582276E-02
-9.9708679413060011E-02
-1.4999672793072402E-01
-2.0059222978880734E-01
-2.5132917027600621E-01
-3.0189049912612231E-01
-3.5194930839800881E-01
-4.0117925715150571E-01
-4.4929285670375235E-01
-4.9605518673078169E-01
-5.4127044938451985E-01
-5.8479129576683009E-01
-6.2649701393081458E-01
-6.6629974601520880E-01
-7.0412763022604763E-01
-7.3992902721710641E-01
-7.7366147429010523E-01
-8.0529460614954962E-01
-8.3480324464197642E-01
-8.6216944388541328E-01
-8.8737818061467588E-01
-9.1041880527086172E-01
-9.3128231260456606E-01
-9.4996238791104648E-01
-9.6645363619061142E-01
-9.8075235371739411E-01
-9.9285534393074670E-01
-1.0027605071937489E+00
-1.0104660179274323E+00
-1.0159708026560108E+00
-1.0192739365364702E+00
-1.0203750673143168E+00
-1.0192739365364678E+00
-1.0159708026560057E+00
-1.0104660179274252E+00
-1.0027605071937411E+00
-9.9285534393073571E-01
-9.8075235371737979E-01
-9.6645363619059443E-01
-9.4996238791102838E-01
-9.3128231260454641E-01
-9.1041880527083907E-01
-8.8737818061464968E-01
-8.6216944388538341E-01
-8.3480324464194400E-01
-8.0529460614951720E-01
-7.7366147429007281E-01
-7.3992902721707465E-01
-7.0412763022601377E-01
-6.6629974601517306E-01
-6.2649701393077895E-01
-5.8479129576679656E-01
-5.4127044938448898E-01
-4.9605518673075261E-01
-4.4929285670372560E-01
-4.0117925715148145E-01
-3.5194930839798705E-01
-3.0189049912610350E-01
-2.5132917027599055E-01
-2.0059222978879582E-01
-1.4999672793071439E-01
-9.9708679413053586E-02
-4.9785763174579403E-02
0.0000000000000000E+00
0.0000000000000000E+00
-5.5191999828110912E-02
-1.1075691192041172E-01
-1.6690868839155357E-01
-2.2347966503210454E-01
-2.8014736964489584E-01
-3.3646330258696866E-01
-3.9198917095894409E-01
-4.4634927504310357E-01
-4.9922947529113526E-01
-5.5040069742589715E-01
-5.9968128801748921E-01
-6.4694688992335625E-01
-6.9210027688268749E-01
-7.3507678055782033E-01
-7.7582580808198043E-01
-8.1431433063796232E-01
-8.5051633637809787E-01
-8.8441518640578975E-01
-9.1599764932315408E-01
-9.4525551842716860E-01
-9.7218218350498120E-01
-9.9677375305867832E-01
-1.0190270310873026E+00
-1.0389403053652098E+00
-1.0565121148999572E+00
-1.0717418129203409E+00
-1.0846287881702306E+00
-1.0951728780367489E+00
-1.1033738534891229E+00
-1.1092317374422263E+00
-1.1127464407599394E+00
-1.1139180295648290E+00
-1.1127464407599366E+00
-1.1092317374422191E+00
-1.1033738534891140E+00
-1.0951728780367382E+00
-1.0846287881702164E+00
-1.0717418129203233E+00
-1.0565121148999359E+00
-1.0389403053651847E+00
-1.0190270310872744E+00
-9.9677375305864757E-01
-9.7218218350494789E-01
-9.4525551842713340E-01
-9.1599764932311689E-01
-8.8441518640575101E-01
-8.5051633637805824E-01
-8.1431433063792058E-01
-7.7582580808193691E-01
-7.3507678055777537E-01
-6.9210027688264186E-01
-6.4694688992331195E-01
-5.9968128801744658E-01
-5.5040069742585618E-01
-4.9922947529109707E-01
-4.4634927504306937E-01
-3.9198917095891450E-01
-3.3646330258694240E-01
-2.8014736964487374E-01
-2.2347966503208633E-01
-1.6690868839154016E-01
-1.1075691192040221E-01
-5.5191999828105777E-02
0.0000000000000000E+00
0.0000000000000000E+00
-6.1377070369061364E-02
-1.2340564440194705E-01
-1.8632404799511765E-01
-2.4970301739148851E-01
-3.1303838530947370E-01
-3.7567664788347982E-01
-4.3708827968334452E-01
-4.9686041866986647E-01
-5.5468801682984581E-01
-6.1037394991233529E-01
-6.6377488222456760E-01
-7.1480600579197695E-01
-7.6340620823142313E-01
-8.0954228922105986E-01
-8.5319080595904573E-01
-8.9434108373592536E-01
-9.3298607647552323E-01
-9.6912443098434597E-01
-1.0027558059559092E+00
-1.0338823013920111E+00
-1.0625059619077444E+00
-1.0886297964581506E+00
-1.1122563666911398E+00
-1.1333885429088106E+00
-1.1520286420026029E+00
-1.1681790118742328E+00
-1.1818414522576788E+00
-1.1930176865798099E+00
-1.2017089285773135E+00
-1.2079162808739299E+00
-1.2116403735950607E+00
-1.2128817178732036E+00
-1.2116403735950554E+00
-1.2079162808739206E+00
-1.2017089285773004E+00
-1.1930176865797928E+00
-1.1818414522576584E+00
-1.1681790118742086E+00
-1.1520286420025740E+00
-1.1333885429087784E+00
-1.1122563666911036E+00
-1.0886297964581102E+00
-1.0625059619077013E+00
-1.0338823013919660E+00
-1.0027558059558637E+00
-9.6912443098429968E-01
-9.3298607647547382E-01
-8.9434108373587384E-01
-8.5319080595899099E-01
-8.0954228922100324E-01
-7.6340620823136496E-01
-7.1480600579191889E-01
-6.6377488222451186E-01
-6.1037394991228155E-01
-5.5468801682979552E-01
-4.9686041866982256E-01
-4.3708827968330605E-01
-3.7567664788344640E-01
-3.1303838530944522E-01
-2.4970301739146572E-01
-1.8632404799509925E-01
-1.2340564440193355E-01
-6.1377070369054938E-02
0.0000000000000000E+00
0.0000000000000000E+00
-6.8524395577692881E-02
-1.3821775463054617E-01
-2.0908025070267902E-01
-2.8038086224525849E-01
-3.5118448015052156E-01
-4.2071067329876033E-01
-4.8833209977661979E-01
-5.5368883609425468E-01
-6.1653124531104353E-01
-6.7673624779948438E-01
-7.3422562611875952E-01
-7.8897085759819385E-01
-8.4095827555801839E-01
-8.9019218643428066E-01
-9.3668043445682281E-01
-9.8043649839438496E-01
-1.0214735130021173E+00
-1.0598056009765080E+00
-1.0954454337225656E+00
-1.1284050481607224E+00
-1.1586949155721464E+00
-1.1863244288602484E+00
-1.2113016195180082E+00
-1.2336334350968601E+00
-1.2533257309627930E+00
-1.2703834113667847E+00
-1.2848105307768523E+00
-1.2966103431510476E+00
-1.3057854386949603E+00
-1.3123377288145066E+00
-1.3162685842795245E+00
-1.3175787732984887E+00
-1.3162685842795192E+00
-1.3123377288144955E+00
-1.3057854386949428E+00
-1.2966103431510261E+00
-1.2848105307768263E+00
-1.2703834113667536E+00
-1.2533257309627563E+00
-1.2336334350968190E+00
-1.2113016195179627E+00
-1.1863244288601997E+00
-1.1586949155720940E+00
-1.1284050481606664E+00
-1.0954454337225084E+00
-1.0598056009764478E+00
-1.0214735130020540E+00
-9.8043649839431757E-01
-9.3668043445675386E-01
-8.9019218643421094E-01
-8.4095827555794767E-01
-7.8897085759812191E-01
-7.3422562611868802E-01
-6.7673624779941621E-01
-6.1653124531098102E-01
-5.5368883609419772E-01
-4.8833209977656922E-01
-4.2071067329871520E-01
-3.5118448015048209E-01
-2.8038086224522657E-01
-2.0908025070265440E-01
-1.3821775463052910E-01
-6.8524395577683861E-02
0.0000000000000000E+00
0.0000000000000000E+00
-7.7323241555209032E-02
-1.5616160789329792E-01
-2.3669326228446949E-01
-3.1705281402305696E-01
-3.9616422227957832E-01
-4.7295950215248861E-01
-5.4694448080879432E-01
-6.1787779950739974E-01
-6.8565249681239648E-01
-7.5025588007390565E-01
-8.1170236632075132E-01
-8.7003172957699271E-01
-9.2528503759839953E-01
-9.7750686331156766E-01
-1.0267372098557273E+00
-1.0730136077336603E+00
-1.1163683674499385E+00
-1.1568303252659276E+00
-1.1944237490308451E+00
-1.2291698807770259E+00
-1.2610862443079347E+00
-1.2901880989504646E+00
-1.3164877336744720E+00
-1.3399958909852268E+00
-1.3607209271952152E+00
-1.3786702303955805E+00
-1.3938492306156240E+00
-1.4062628166396500E+00
-1.4159142143950769E+00
-1.4228063970736182E+00
-1.4269408589938366E+00
-1.4283190074557344E+00
-1.4269408589938322E+00
-1.4228063970736062E+00
-1.4159142143950567E+00
-1.4062628166396238E+00
-1.3938492306155905E+00
-1.3786702303955405E+00
-1.3607209271951697E+00
-1.3399958909851755E+00
-1.3164877336744161E+00
-1.2901880989504042E+00
-1.2610862443078712E+00
-1.2291698807769575E+00
-1.1944237490307730E+00
-1.1568303252658532E+00
-1.1163683674498595E+00
-1.0730136077335795E+00
-1.0267372098556435E+00
-9.7750686331148084E-01
-9.2528503759831193E-01
-8.7003172957690444E-01
-8.1170236632066395E-01
-7.5025588007382238E-01
-6.8565249681231843E-01
-6.1787779950732657E-01
-5.4694448080872760E-01
-4.7295950215243016E-01
-3.9616422227952780E-01
-3.1705281402301616E-01
-2.3669326228443807E-01
-1.5616160789327596E-01
-7.7323241555198527E-02
0.0000000000000000E+00
0.0000000000000000E+00
-8.8284824150198948E-02
-1.7937896453229754E-01
-2.7145544016275897E-01
-3.6241146172398481E-01
-4.5015988006957841E-01
-5.3422653259591768E-01
-6.1434354342233044E-01
-6.9056440776866479E-01
-7.6297282460126148E-01
-8.3169714429758246E-01
-8.9685333800835487E-01
-9.5855151883130374E-01
-1.0168859680478630E+00
-1.0719382511136653E+00
-1.1237774970592227E+00
-1.1724615658864934E+00
-1.2180394791082183E+00
-1.2605515543787831E+00
-1.3000320381768438E+00
-1.3365087011536076E+00
-1.3700052268872427E+00
-1.4005405162541167E+00
-1.4281307783426438E+00
-1.4527886670449595E+00
-1.4745251167335922E+00
-1.4933483725872405E+00
-1.5092656278129899E+00
-1.5222819784334456E+00
-1.5324019111848615E+00
-1.5396281972158121E+00
-1.5439632680003763E+00
-1.5454080526136114E+00
-1.5439632680003699E+00
-1.5396281972157995E+00
-1.5324019111848399E+00
-1.5222819784334141E+00
-1.5092656278129506E+00
-1.4933483725871939E+00
-1.4745251167335391E+00
-1.4527886670448997E+00
-1.4281307783425774E+00
-1.4005405162540450E+00
-1.3700052268871661E+00
-1.3365087011535262E+00
-1.3000320381767563E+00
-1.2605515543786903E+00
-1.2180394791081228E+00
-1.1724615658863942E+00
-1.1237774970591212E+00
-1.0719382511135622E+00
-1.0168859680477580E+00
-9.5855151883119827E-01
-8.9685333800824973E-01
-8.3169714429748098E-01
-7.6297282460116544E-01
-6.9056440776857453E-01
-6.1434354342224640E-01
-5.3422653259584219E-01
-4.5015988006951374E-01
-3.6241146172393074E-01
-2.7145544016271766E-01
-1.7937896453226979E-01
-8.8284824150184585E-02
0.0000000000000000E+00
0.0000000000000000E+00
-1.0497972995255785E-01
-2.1047343153520168E-01
-3.1779828190805481E-01
-4.1951004885028542E-01
-5.1565265865018250E-01
-6.0630243649580162E-01
-6.9189650379601331E-01
-7.7279705773747787E-01
-8.4932875785194573E-01
-9.2174576519063001E-01
-9.9025930533282569E-01
-1.0550358815485887E+00
-1.1162122630682827E+00
-1.1738984640474106E+00
-1.2281838096298534E+00
-1.2791420872804862E+00
-1.3268318922078035E+00
-1.3713033382594149E+00
-1.4125947149764713E+00
-1.4507403965930472E+00
-1.4857650459599516E+00
-1.5176924473655482E+00
-1.5465380259132946E+00
-1.5723183857834748E+00
-1.5950426468697603E+00
-1.6147225100034728E+00
-1.6313627567437474E+00
-1.6449716914684331E+00
-1.6555510556306041E+00
-1.6631067158964885E+00
-1.6676381848834760E+00
-1.6691494359598449E+00
-1.6676381848834678E+00
-1.6631067158964714E+00
-1.6555510556305768E+00
-1.6449716914683976E+00
-1.6313627567437023E+00
-1.6147225100034199E+00
-1.5950426468696985E+00
-1.5723183857834051E+00
-1.5465380259132173E+00
-1.5176924473654643E+00
-1.4857650459598613E+00
-1.4507403965929504E+00
-1.4125947149763673E+00
-1.3713033382593056E+00
-1.3268318922076880E+00
-1.2791420872803672E+00
-1.2281838096297317E+00
-1.1738984640472860E+00
-1.1162122630681559E+00
-1.0550358815484620E+00
-9.9025930533270035E-01
-9.2174576519050688E-01
-8.4932875785182704E-01
-7.7279705773736651E-01
-6.9189650379591017E-01
-6.0630243649570792E-01
-5.1565265865010002E-01
-4.1951004885021520E-01
-3.1779828190799869E-01
-2.1047343153516407E-01
-1.0497972995254000E-01
0.0000000000000000E+00
0.0000000000000000E+00
-1.3005841631889956E-01
-2.6272509557752860E-01
-3.8243202287747319E-01
-4.9286811096081157E-01
-5.9522258007656115E-01
-6.9089909350678735E-01
-7.8075189995616590E-01
-8.6542685729444935E-01
-9.4537610667096772E-01
-1.0209409924397963E+00
-1.0923800514176998E+00
-1.1598924276920255E+00
-1.2236361433373366E+00
-1.2837339805087904E+00
-1.3402866649225571E+00
-1.3933720597104216E+00
-1.4430560108860722E+00
-1.4893884074103014E+00
-1.5324129452857329E+00
-1.5721614726441058E+00
-1.6086632579121418E+00
-1.6419382788668779E+00
-1.6720062763345034E+00
-1.6988793366893997E+00
-1.7225708657202896E+00
-1.7430876739429952E+00
-1.7604389294614537E+00
-1.7746278854571635E+00
-1.7856608291192588E+00
-1.7935385519632401E+00
-1.7982652871468738E+00
-1.7998399994754410E+00
-1.7982652871468623E+00
-1.7935385519632179E+00
-1.7856608291192260E+00
-1.7746278854571205E+00
-1.7604389294614005E+00
-1.7430876739429337E+00
-1.7225708657202192E+00
-1.6988793366893198E+00
-1.6720062763344139E+00
-1.6419382788667807E+00
-1.6086632579120370E+00
-1.5721614726439919E+00
-1.5324129452856123E+00
-1.4893884074101733E+00
-1.4430560108859369E+00
-1.3933720597102806E+00
-1.3402866649224112E+00
-1.2837339805086427E+00
-1.2236361433371863E+00
-1.1598924276918761E+00
-1.0923800514175506E+00
-1.0209409924396495E+00
-9.4537610667082561E-01
-8.6542685729431335E-01
-7.8075189995603744E-01
-6.9089909350666756E-01
-5.9522258007645235E-01
-4.9286811096071742E-01
-3.8243202287739769E-01
-2.6272509557747548E-01
-1.3005841631887124E-01
0.0000000000000000E+00
0.0000000000000000E+00
-2.0070338414521505E-01
-3.4597784172193996E-01
-4.7154027639832774E-01
-5.8521789141349490E-01
-6.9053326201372023E-01
-7.8899938609352738E-01
-8.8161842321452744E-01
-9.6897621143436219E-01
-1.0515487900986895E+00
-1.1296543193590280E+00
-1.2035516029948972E+00
-1.2734357548233737E+00
-1.3394549344671713E+00
-1.4017372813762849E+00
-1.4603683306922011E+00
-1.5154366122508163E+00
-1.5669896012400997E+00
-1.6150912806683932E+00
-1.6597649088227868E+00
-1.7010588805859297E+00
-1.7389806265570191E+00
-1.7735685483288339E+00
-1.8048195970259682E+00
-1.8327657702376310E+00
-1.8573970600810144E+00
-1.8787413797053052E+00
-1.8967841155740359E+00
-1.9115505713260648E+00
-1.9230230962828887E+00
-1.9312252692921195E+00
-1.9361374149799633E+00
-1.9377818330234577E+00
-1.9361374149799497E+00
-1.9312252692920890E+00
-1.9230230962828485E+00
-1.9115505713260135E+00
-1.8967841155739742E+00
-1.8787413797052324E+00
-1.8573970600809311E+00
-1.8327657702375393E+00
-1.8048195970258636E+00
-1.7735685483287167E+00
-1.7389806265568906E+00
-1.7010588805857931E+00
-1.6597649088226456E+00
-1.6150912806682454E+00
-1.5669896012399422E+00
-1.5154366122506517E+00
-1.4603683306920254E+00
-1.4017372813761062E+00
-1.3394549344669922E+00
-1.2734357548231960E+00
-1.2035516029947231E+00
-1.1296543193588584E+00
-1.0515487900985185E+00
-9.6897621143419510E-01
-8.8161842321436368E-01
-7.8899938609337172E-01
-6.9053326201357967E-01
-5.8521789141337466E-01
-4.7154027639822321E-01
-3.4597784172185803E-01
-2.0070338414516367E-01
0.0000000000000000E+00
